60.0
35.86
17.65
30.3
48.87
50.94
31.05
27.63
25.03
28.14
33.81
39.96
38.95
41.19
62.9
67.04
67.78
58.48
53.15
32.85
43.67
51.69
52.04
59.24
58.77
37.73
65.31
62.34
51.07
44.66
54.72
56.37
57.26
56.45
56.24
59.2
54.77
56.44
53.71
55.03
57.33
58.18
65.87
69.07
55.49
56.82
57.15
53.56
56.31
63.14
56.42
60.34
62.95
58.94
53.32
52.55
48.47
50.58
59.14
60.67
51.46
59.71
60.26
58.14
55.43
57.7
53.5
43.51
37.36
51.66
45.13
37.28
36.01
60.54
70.68
38.8
38.97
47.42
55.18
54.44
60.57
48.77
53.42
55.01
64.59
34.79
36.98
33.78
32.4
34.99
31.03
29.77
30.14
40.66
45.77
53.75
53.79
55.51
53.27
60.35
59.75
51.38
64.32
60.62
62.1
39.78
44.91
48.4
41.6
51.33
59.11
48.72
44.65
56.17
51.22
54.52
36.42
45.17
58.84
57.75
50.94
51.74
60.28
48.44
43.83
18.29
14.88
13.05
11.67
11.57
12.73
13.18
19.57
24.82
24.38
24.61
24.11
26.14
26.01
24.23
19.59
16.27
40.49
39.92
39.72
61.69
52.36
49.77
47.16
53.24
60.72
43.2
51.7
49.08
52.47
56.95
63.52
68.51
34.67
14.96
19.55
22.99
35.69
48.23
42.62
39.32
34.68
42.3
50.54
49.18
32.83
28.69
33.24
33.19
32.3
33.81
32.26
31.51
24.47
19.93
10.17
13.35
19.73
17.88
11.69
14.81
24.84
62.56
22.71
19.13
42.93
40.52
41.93
49.61
39.38
31.46
34.26
46.38
49.04
39.4
45.31
48.32
45.35
66.01
56.41
65.79
64.19
69.39
65.12
57.18
46.48
56.19
58.23
53.52
57.18
62.36
59.95
64.88
56.32
57.0
63.39
58.33
49.27
53.96
52.99
51.5
52.05
50.38
47.47
37.2
40.58
49.83
34.2
31.56
52.79
52.59
57.19
46.72
30.21
29.55
33.86
39.44
39.78
40.48
58.5
41.74
44.9
19.3
19.48
43.99
43.43
43.58
45.77
42.36
41.88
35.32
38.48
41.32
29.36
27.66
32.55
29.53
33.69
38.3
38.37
38.74
34.94
34.95
35.19
40.09
25.53
30.83
26.17
21.57
23.39
30.53
37.47
23.32
24.96
30.4
42.77
26.28
30.63
29.8
24.67
32.9
43.37
41.6
39.09
35.89
32.53
50.61
36.89
56.86
56.69
50.8
49.46
64.75
39.93
38.0
37.81
38.12
37.36
37.39
37.46
31.74
29.69
29.22
28.91
26.38
29.67
42.69
32.66
53.32
