73.27
58.61
41.65
48.73
65.25
66.77
49.68
45.89
45.91
50.16
55.14
60.11
59.18
59.26
78.1
77.35
79.34
72.88
66.71
51.34
62.81
69.06
69.6
75.21
75.16
56.52
76.0
74.78
70.43
64.42
70.47
72.13
72.4
71.9
71.68
74.02
71.23
71.69
68.72
71.64
71.03
71.67
76.22
78.39
70.75
71.58
72.87
70.71
72.65
74.78
72.76
73.98
76.01
72.17
68.76
69.02
66.65
68.2
74.51
73.21
68.5
73.73
73.21
71.71
69.25
71.02
69.64
62.59
58.49
67.24
59.67
57.04
56.9
73.93
80.47
57.55
59.5
65.74
69.79
68.66
73.33
64.59
68.85
69.2
74.97
57.1
58.51
55.11
52.37
56.87
51.81
51.73
50.32
60.7
64.24
69.67
69.73
70.16
69.54
72.62
72.91
68.83
75.71
72.33
75.85
60.14
62.12
63.89
59.3
64.82
72.85
65.31
62.57
71.51
66.73
67.86
56.14
60.09
71.27
71.39
65.53
67.85
73.96
66.7
64.4
49.23
46.28
43.84
43.1
43.42
43.78
43.95
49.53
52.76
52.06
53.38
52.4
52.58
49.9
48.61
42.85
36.04
56.67
56.58
55.91
70.22
61.98
59.81
57.87
61.15
72.5
60.83
67.95
66.29
66.35
69.85
75.05
83.54
53.12
32.19
37.23
40.55
50.42
61.59
56.48
54.34
54.68
58.58
63.49
63.3
54.13
51.33
56.41
56.3
53.19
53.44
53.55
51.52
39.17
29.27
23.78
24.94
26.74
25.32
25.24
27.33
34.4
65.59
35.54
33.68
52.9
53.45
55.22
62.68
53.84
48.55
52.5
60.96
63.34
57.82
61.5
64.88
63.82
76.43
71.46
77.1
75.89
79.94
76.3
72.19
63.82
71.05
73.53
69.77
71.57
74.63
74.15
76.77
71.14
71.74
76.16
72.24
68.44
72.33
71.52
69.8
67.74
67.3
64.12
52.79
59.9
66.19
53.4
50.21
69.03
69.57
72.75
63.51
51.47
50.92
55.66
57.68
57.83
59.42
74.89
63.19
61.56
43.9
43.51
61.03
61.73
59.8
61.51
58.78
58.2
53.52
57.09
54.88
48.91
50.41
51.42
48.61
52.62
56.47
56.35
56.62
53.94
52.5
53.64
54.79
42.26
47.8
44.26
40.63
40.9
46.89
53.06
40.52
40.93
45.15
56.43
40.77
45.28
49.55
44.87
51.09
62.22
61.5
60.65
57.94
54.74
67.6
60.89
73.08
72.73
69.29
70.09
79.14
66.07
65.94
66.34
66.46
66.18
65.86
66.69
62.93
62.61
62.14
61.0
58.8
58.47
66.12
59.68
72.94
