33.92
0.33
0.14
4.74
16.95
21.61
5.63
5.11
1.54
0.02
2.75
7.42
6.13
8.61
30.27
39.6
38.52
27.55
24.83
10.09
4.37
10.67
13.5
21.89
21.21
7.73
32.88
28.24
16.15
9.59
19.49
20.19
23.04
21.4
20.76
24.47
21.37
21.94
17.86
20.74
23.76
25.29
36.12
39.47
21.49
21.76
19.27
17.17
17.99
29.81
20.67
24.92
27.9
25.86
14.45
16.56
14.31
14.43
22.55
23.22
15.88
22.51
25.93
22.33
22.78
26.01
16.18
8.73
6.44
20.18
16.44
6.15
4.1
25.06
43.56
10.51
5.37
14.47
20.03
18.78
27.24
15.04
16.08
17.66
33.84
1.95
8.1
7.51
6.06
6.99
4.96
1.2
1.99
5.19
10.51
18.27
18.46
21.02
19.86
29.17
26.35
21.69
30.19
28.42
27.71
8.89
13.35
17.35
12.08
18.53
27.04
15.38
7.4
16.6
12.28
35.42
10.3
18.28
24.72
18.38
21.15
17.2
28.37
9.74
14.08
0.0
0.0
0.0
0.0
0.0
0.0
0.0
0.0
0.0
0.0
0.0
0.0
0.0
0.0
0.0
0.0
1.63
0.0
0.0
1.9
29.23
6.92
3.36
2.91
12.43
32.65
5.2
13.31
13.6
17.12
21.82
33.86
37.37
7.23
0.69
0.0
0.0
9.41
18.75
16.15
12.23
5.24
13.3
22.3
19.07
3.28
0.33
1.78
2.0
5.72
7.06
2.92
6.64
10.61
11.06
1.58
4.07
11.98
9.79
3.64
5.22
12.25
58.26
13.66
5.54
21.82
17.24
13.56
20.47
14.77
5.95
5.73
18.43
19.59
6.61
10.48
6.67
8.73
37.58
22.48
43.45
30.02
35.84
33.01
21.87
14.19
22.04
24.2
17.97
26.49
33.18
26.7
37.36
22.87
24.3
30.59
26.9
4.74
17.29
15.78
13.81
19.81
16.7
20.57
18.48
1.51
19.57
10.91
7.21
25.31
27.03
32.25
23.41
1.52
0.16
3.16
7.15
8.31
8.55
29.33
13.05
19.27
0.0
0.0
14.79
13.62
14.2
16.57
12.81
14.3
8.44
9.37
21.04
4.02
2.16
5.84
4.87
6.68
8.57
9.45
11.68
4.54
7.94
6.55
11.56
3.1
6.72
5.42
1.95
1.52
6.85
12.55
4.66
5.91
11.12
20.82
7.51
5.73
3.51
0.04
1.69
4.81
3.03
1.25
0.45
0.44
24.54
0.0
28.16
26.01
12.33
11.36
36.95
0.24
0.0
0.0
0.0
0.0
0.0
0.0
0.0
0.04
0.19
0.94
0.27
2.67
9.64
0.0
16.0
