96.72
95.27
91.3
88.06
93.65
94.87
91.53
89.35
89.57
91.89
91.84
92.31
94.23
93.31
96.06
94.54
95.92
95.01
93.99
94.01
94.48
94.58
94.01
95.31
95.54
94.08
94.79
95.09
97.02
96.85
95.77
94.61
94.61
94.55
94.63
96.38
94.27
93.95
93.62
95.12
93.79
93.69
93.96
95.16
95.94
96.57
97.33
95.52
96.83
94.71
95.11
94.17
98.38
96.82
95.01
94.51
96.53
94.75
94.67
92.98
95.19
96.23
94.94
96.69
94.19
94.29
94.49
95.7
96.19
95.65
92.64
94.17
94.65
95.58
96.1
92.6
94.65
95.17
95.69
94.18
96.17
96.07
96.13
94.14
93.66
96.18
99.75
99.23
94.87
98.7
94.97
97.98
94.25
93.42
94.15
94.34
94.19
94.72
94.11
94.63
94.67
96.98
96.12
92.23
96.43
98.38
95.77
95.1
97.59
94.41
95.61
96.09
94.78
95.32
94.34
97.42
99.22
94.11
93.97
94.91
92.77
93.72
96.37
96.05
96.2
98.31
98.53
98.61
98.28
98.47
98.57
97.49
97.27
99.87
100.0
100.0
100.0
100.0
100.0
100.0
99.87
93.59
96.0
96.47
94.73
94.66
93.62
93.41
92.71
92.11
93.55
91.9
93.3
93.9
93.42
92.41
94.4
99.64
95.48
89.38
89.42
88.75
88.58
90.5
92.15
91.34
92.91
92.99
92.83
92.92
93.04
92.55
94.78
95.13
96.53
96.04
95.1
96.75
93.31
79.46
81.74
80.34
73.63
72.97
80.43
84.85
85.18
87.6
85.4
86.08
87.06
89.4
88.94
90.85
91.19
91.73
91.27
92.32
91.84
91.55
92.21
92.89
93.22
94.23
93.81
94.51
93.99
96.89
95.47
94.98
94.31
94.7
97.2
97.26
97.03
95.78
95.6
96.1
95.72
95.51
97.2
96.68
93.62
95.03
95.97
94.22
93.62
97.95
99.71
96.58
93.55
97.38
96.38
93.95
97.88
99.95
99.48
98.94
91.9
91.56
93.3
93.68
94.64
93.91
97.29
98.34
95.37
93.7
93.17
94.65
98.06
95.84
95.57
93.93
96.93
93.03
92.58
91.56
91.12
91.57
92.04
93.68
94.08
92.17
94.46
94.7
93.59
93.11
94.2
92.06
90.82
92.36
94.14
90.26
89.73
88.66
94.53
91.75
89.33
92.17
91.54
88.37
87.19
91.95
90.75
91.13
96.8
97.73
97.68
96.72
93.89
93.93
95.77
95.75
95.87
95.98
96.69
96.36
98.43
100.0
100.0
99.98
99.94
99.94
100.0
100.0
100.0
100.0
100.0
100.0
96.38
96.08
95.79
97.25
