35072
66667
70186
75968
137817
101327
95625
83388
154499
100147
113580
110303
175504
91557
96524
86644
75393
41063
39213
24460
114631
12560
82927
96845
175819
118923
115753
97657
173825
125166
111856
119963
219841
140739
93981
90897
144795
76059
81149
66340
122018
67300
58402
47934
123308
71950
58652
94010
187486
126595
102523
51290
134674
66295
83243
88214
77677
19184
29842
11668
73504
27507
31158
76995
95907
53342
82912
64611
89626
77606
7470
60197
77683
43208
81398
141758
192983
171819
160504
149606
109436
76154
77305
48283
68452
15129
28971
34880
64630
65882
55514
57089
68374
12640
16309
31510
99551
23937
12169
66144
92598
81348
29346
27245
72993
62196
52808
49463
88069
42037
35039
60674
146240
73921
39393
59407
152260
88500
103005
130565
147623
95937
65472
95772
96178
37829
88490
78085
120042
37079
42256
62803
110149
69166
71242
71329
125475
65587
80581
70131
145953
43857
90020
98831
112732
32772
111049
17614
113751
97739
59744
79505
155625
123856
47912
39412
104667
9260
25739
31920
153034
67002
68363
107642
150361
65706
37643
26394
136063
83249
37105
23635
61184
38339
42425
69788
182072
119563
49216
53706
182874
111742
115675
104984
193634
46269
150281
147527
131924
65954
5964
8527
222828
112111
76865
138456
158320
18193
67617
54551
100904
97114
44240
27028
88527
54904
90697
62552
126069
141320
145713
154851
246064
184877
62737
54523
105808
68038
86665
56687
88359
55198
6629
76886
109334
53536
129463
90953
85077
146688
12476
15686
150256
57963
35872
43840
76762
51758
38475
46546
71473
74980
194765
177521
249697
116465
132807
113606
189962
90348
41990
50517
109099
150992
58111
59651
53190
114562
70190
138612
165600
57639
68584
70040
120968
46466
100358
41239
103626
53684
171256
138875
234061
145263
74778
43211
95017
140240
100520
124240
190993
57055
75067
54603
146592
20021
20026
17615
119707
29738
11870
15663
150337
140608
96334
151094
95337
111476
65118
10451
140595
181587
216468
147952
233002
108936
60588
106690
206904
38825
60822
82786
210290
174174
121677
125854
107446
138364
139044
73537
225706
142243
76816
101651
166122
113918
94987
174588
233615
60849
84259
109913
142067
55155
70536
57218
100365
86560
10589
92110
154905
50004
65118
155879
230788
164715
207940
121974
195144
153794
178292
184497
198948
134527
40742
249162
143305
182163
211554
240127
297681
90267
38375
52550
190814
157288
146457
124805
199392
83884
18686
155458
167227
33775
23789
90874
116675
49424
92639
32524
119994
91158
29495
10575
80335
44649
10718
13140
95508
19771
56778
66573
167513
12792
41176
28060
85527
37800
107075
110406
59146
38256
67132
70974
179900
33681
41854
22813
132699
65419
131658
123317
164329
57033
78689
93357
105588
91519
37370
67439
332540
184278
229528
156491
156913
63951
236184
145511
76658
65933
185959
323299
268314
191516
65814
129955
213167
98236
82989
45102
88699
21878
303207
112778
218196
77362
49175
34205
108542
30208
50321
86646
143755
107548
16741
12562
122399
76491
73841
63251
62650
27240
168378
132780
229945
154570
202286
134503
186640
117178
78543
36973
99625
17484
66758
59869
119793
16908
59038
32323
89630
26242
21087
50051
68559
21375
74267
19203
82005
37228
81227
66274
66627
18835
32946
31558
51492
52508
41495
48533
72897
65559
80017
71769
99097
82393
69145
89126
117463
103034
92272
77941
98025
83159
77419
90151
108239
91809
81924
92524
118131
82986
76820
106697
107990
99043
90182
54395
82660
61411
68731
64585
116217
152024
132742
150143
190751
204055
177977
189212
212531
165041
186808
181428
232048
152739
141592
159660
211731
147333
123435
96468
195150
120347
143331
117895
189560
126016
105608
79294
135865
61566
48294
40016
56166
22356
20407
21664
30276
18125
25764
28752
40328
34997
23526
20775
43448
26584
12960
19989
8364
11720
23739
21346
30155
11867
10147
8911
28725
21559
18973
20419
27041
20574
26747
24549
19963
