46949
89575
95058
105751
197238
152058
144248
133748
236721
158928
177443
175022
231969
112555
116651
121993
112122
61226
60549
36588
165324
19214
134977
156330
274678
180259
162318
155565
278335
190430
168410
196807
358903
206121
123698
119994
200573
88463
95567
84294
189890
95487
90791
74767
184691
102477
90747
152661
276332
183474
144002
87576
212011
98891
121741
128971
119596
27892
40497
16771
108381
40612
45360
112981
142452
79135
118911
93265
124579
113948
11776
94266
119400
59715
112204
204942
273022
228552
218833
211074
157356
107499
109403
68910
100521
21002
40580
49078
94972
97830
88224
83933
99322
17735
22784
43205
141967
34644
16632
102925
144925
121363
42749
37672
97089
82302
70045
65428
117966
55846
47563
78413
216471
105452
55504
84551
229703
127322
144391
191519
214074
129686
86934
135287
140462
55107
128230
107618
172501
54848
61660
88961
159250
97687
99327
99998
179036
96538
114212
97723
206620
62554
122692
136095
165117
48680
187107
25177
189827
136471
79239
107489
217290
172612
67620
55209
156702
12487
34917
43533
220745
92911
93787
153229
210130
89995
51689
35747
193760
113151
47164
29402
80052
51170
58245
89420
250113
166693
67602
72917
255138
149284
155459
139943
262108
63213
200591
199377
180414
97690
8840
12064
310014
154080
106146
182781
221351
25367
88061
76144
141531
130851
59730
36553
122199
74345
119118
85352
169444
181412
186780
204523
320038
239527
82207
73619
144245
93377
115086
76119
120556
83999
9952
127979
192261
87703
176950
124224
121737
219061
17168
21643
222570
77591
48753
59911
104067
68960
50722
62996
99802
101132
287012
249707
347568
152534
175534
149073
251546
122917
58581
72110
147148
212422
82206
82810
74924
160228
99551
211613
247543
81135
94258
97823
168209
64955
138759
60623
151823
81296
253224
197284
346781
210928
109313
60739
127350
196897
143557
177251
268965
88373
119152
83852
228417
29329
29593
25635
189415
42341
16966
21613
214829
182799
127636
200390
131915
144842
87058
16848
210236
291001
316423
203239
357696
161591
85725
145303
301878
54910
86270
116556
297787
233556
171503
182785
153265
193493
193031
102276
303343
189210
102942
141316
231148
161622
136650
238552
306601
82910
114300
148730
193408
73503
102135
83813
140696
117717
14581
144921
242731
79391
98592
224903
335022
236130
305815
172276
278239
220558
253093
273832
294119
199089
64863
375185
215381
259472
300688
330971
408347
145665
70928
85900
293234
240794
231891
196632
308509
131128
34103
232168
250316
48861
34759
139391
182505
74266
130192
45501
167572
128648
42935
15606
115239
60899
15992
17932
133127
26685
75997
87542
242690
17428
58702
40870
116758
52247
144225
150020
79690
51693
87800
92430
261932
46712
56558
32201
179246
85956
169224
156517
213515
78670
110285
128278
142807
119450
49640
87537
505421
296242
349151
250133
230009
85254
319304
168279
107416
90425
247574
411995
439114
280701
89801
168284
278818
126950
110752
60299
119220
32677
541928
176523
371935
85320
53412
48824
145055
38286
63425
105946
175842
135261
23418
17010
158762
96702
98358
86727
87942
39745
257053
200217
349357
234712
274860
184025
257708
167457
114171
56998
141624
24467
89919
78284
162341
25561
82001
46439
126463
37353
27212
70222
101527
31836
101419
25976
109577
47861
115489
99819
98264
27331
48560
47012
76733
78133
61139
70650
107278
93307
108502
103736
147773
115632
99674
133063
176545
155437
137654
116968
147782
122193
117383
130159
161117
134924
121140
139560
174278
119739
122317
165509
171480
148138
139409
85112
127600
98001
104849
95876
160544
200241
189850
217398
285832
287745
226548
229484
292964
217400
236704
239663
310095
200921
180441
205458
270579
187697
179089
138735
302875
189991
229508
185279
280737
174622
149474
127289
212179
94177
89927
70710
102422
47864
42430
39107
57717
33801
44163
44600
66180
56679
39723
34986
69124
44216
23363
33511
11695
17506
35540
32821
45707
19582
15857
13785
44445
33255
30131
31699
43029
31572
36371
32643
25646
