96686
212770
207183
238885
445256
387283
392295
364696
626822
431134
529499
409570
543765
335248
316279
280196
241352
134362
138780
81172
340820
43404
312104
416976
765947
493939
490923
441015
775475
560432
484519
499355
891328
475686
229366
221493
398737
180951
231591
210297
399955
210425
189083
163364
393720
214560
199806
332598
599633
397556
320219
233128
493477
242434
292663
297928
247846
59365
95059
39949
232319
106364
113657
248632
295866
192565
262730
221123
277627
245298
31899
210139
271065
136817
249953
445148
596402
528580
513796
488150
336031
231032
229786
156651
216119
46974
88860
105692
199072
202304
208323
176326
190005
39692
48384
93591
291504
74343
31555
234909
330555
272546
94987
78221
196846
164161
141486
133429
234307
110740
101056
158414
458197
223606
114373
168746
489632
262212
320717
443517
451821
256212
173301
277559
298908
125967
263496
233341
355941
131693
143535
196955
332921
217634
216872
219858
372276
234207
247516
211268
425911
144207
259724
288821
347391
116796
421796
55526
412870
262878
156726
214915
438205
355873
151515
118025
337053
27468
74335
90769
444067
207309
200911
307814
423863
186151
116583
88176
389863
235280
92155
58289
163703
111093
129361
182658
492628
346112
149168
153056
512109
296080
315142
283222
519475
131404
406997
414113
381895
211534
22297
27255
661553
339523
233813
369157
488478
63735
184484
157973
293129
272290
127669
76623
242266
153422
239991
170797
335361
349207
362569
402756
634595
470442
168635
156988
293253
198205
239082
161888
254492
192529
22720
340765
572063
258198
360585
278824
271027
488365
37978
44095
482562
169805
113706
135527
218113
155705
114305
144356
215369
205817
640421
534214
740132
320273
361944
312321
497968
264122
128381
172744
310665
440586
176856
174216
158934
355916
228726
479246
534249
181907
200402
220526
330663
137244
302325
155508
354882
211669
550351
441698
765928
485195
264007
138284
258774
403654
320373
373622
566165
240039
331609
228893
564856
67835
71578
60002
424545
98586
42257
45612
465750
359968
259660
387921
257513
291131
196504
44294
506872
646041
703853
502208
865448
337150
179362
294687
630622
121796
191882
257447
589820
467143
392722
439027
356602
397609
414152
227913
615062
402607
212388
284166
480203
370082
321370
528472
640459
184109
247387
309634
383677
151790
246055
220663
315301
236740
31344
315787
565526
210536
237640
501924
743168
517739
685570
391906
627284
493970
561847
673282
677685
475990
169321
862908
484814
573471
655888
722952
925076
470983
189226
245884
714755
577740
547157
458111
740669
365134
109923
543678
552844
137618
90017
326265
445689
199247
279154
106796
347600
283262
110645
42902
254120
139687
40729
42267
283905
62977
151919
187627
516665
36015
139193
112369
254825
117535
285112
303260
174413
123647
184352
213921
563170
111614
122544
78349
372983
196985
331483
308023
412073
178580
258283
287215
301897
235960
99212
172653
1021085
643260
923629
669356
487235
209330
792454
493966
248992
223743
534940
889081
1051168
665844
226366
366864
541195
264750
239979
132012
238025
73661
1186291
401728
801655
231601
138852
96677
288062
81920
128198
208559
337810
286479
58784
44732
322690
204079
226042
207301
213472
88414
738678
540006
852897
599007
641742
398695
553194
372482
274622
149432
318782
59553
197959
176078
336484
59952
178406
100195
281143
92218
65164
155456
248607
95886
212893
63598
220579
96552
266148
276490
244437
70881
128447
132751
209548
219822
178962
200287
286276
251833
298502
269095
364623
320744
272769
354268
443210
385123
361273
307100
384169
333283
321312
344534
416798
365294
319275
359503
439333
319618
323412
412597
422899
380192
349304
220284
323741
255691
286150
250257
391616
486642
478036
508627
606455
617356
553921
508145
654931
522203
565895
566761
700712
495592
446196
487912
646592
507889
454806
369255
727276
513909
639042
527507
735044
503203
525186
399143
554220
307558
284718
256808
306564
174267
151407
145738
202586
124527
128726
124243
180680
162734
119069
106926
182212
128502
68775
98398
24761
43946
86717
80879
110048
49849
42808
37995
104808
84110
79619
81819
104993
80192
89437
72496
50336
