15224
22804
25599
28475
55153
37829
33494
31317
57355
36435
38547
47658
98329
55646
48755
36179
34990
19325
17526
11446
57084
6335
33434
32643
76060
51410
48090
39059
73973
48924
41679
34550
73022
52410
34839
33558
58611
30664
28810
24433
47767
23658
21544
19132
50402
26059
22703
39890
76104
51515
36123
17221
51971
23502
32679
37585
33513
9546
14878
5463
36293
12193
14149
35164
46215
24299
38586
30635
46349
37633
3303
27679
35822
21418
41221
61087
79157
70158
68516
65756
51826
35471
37349
22362
33253
8162
15231
18486
31675
30367
19125
26952
33007
6710
8778
16439
48957
12902
6813
31005
42833
38907
13539
12825
36686
32804
27526
25315
45294
21690
17641
31011
68811
36063
19645
30555
69185
41194
45204
57216
66877
47981
32603
45290
43491
17500
41930
35288
56218
15341
18420
27401
50197
31207
31503
31682
57150
27917
36575
31689
68532
18887
41293
46883
50985
13497
41834
8108
42636
45843
29164
37884
71916
56557
21220
17680
45145
4373
12715
15539
68332
29516
31536
50337
68897
30864
17098
11310
62930
38991
18672
11647
29131
17682
20336
34868
88300
55402
24017
26719
85874
54585
56397
51025
93483
22300
73247
72334
62267
29930
2912
4337
105748
54257
38488
72810
74408
8649
34532
26432
49359
48918
21496
13541
43642
28346
47973
32163
65762
77587
79881
81212
125134
97310
33134
28447
54594
35655
45411
29265
45097
25883
3570
35784
46030
23267
66924
45610
41414
67479
6031
7944
70339
27852
16543
20497
36626
24125
17519
21616
34181
38246
80569
76986
119523
58801
67972
58618
97404
44718
20617
22835
55841
74620
27686
29901
26335
56361
33700
60379
73114
25647
34033
34153
59989
22870
48528
17070
46411
21223
76660
63762
105208
64137
31515
19363
47822
66666
43767
55950
87462
21748
27684
20092
59122
8487
8554
7626
50368
13721
4954
7522
66975
71709
48553
75360
45224
55183
29385
3887
51389
51302
67394
50879
84488
46728
27244
51662
95733
17787
28621
38444
101329
84442
53815
53537
46128
63976
62043
33425
110701
68604
39783
48693
80471
51051
42856
82772
114130
29054
40621
54592
72858
29339
33150
25220
48510
44951
5886
40416
64779
18049
25701
69366
104000
75461
91952
55634
88521
69105
79554
78028
90409
60028
16426
108624
62049
85255
100423
118628
150813
40939
12941
21277
83583
69176
67295
57314
88009
32635
6327
71027
78585
12689
9043
40922
50456
21746
46069
15801
60950
44820
12615
4350
38967
22645
5040
6874
48252
10419
31373
36550
83393
6754
19715
12712
44061
19571
55205
59682
30898
19735
36748
39652
88668
16848
21892
11002
65518
33013
73081
68761
84882
24288
35347
46255
56748
48488
21625
39017
121941
62473
62105
43190
55484
32760
121846
83267
41841
34471
82587
106448
131811
94468
33251
68477
118442
59623
51936
26545
51934
11683
101240
43725
85019
49889
28266
23300
64912
19226
33190
55325
92312
68718
8989
7050
76729
47698
44237
36068
35766
14426
74358
55942
108308
67917
107103
75953
105978
64410
40014
17802
53731
9535
39489
34549
69383
10885
35123
20572
47806
14160
12589
27666
32465
8006
41715
10598
47926
23483
40951
29369
32215
9127
15136
15421
24302
24386
17530
21303
32908
30250
34943
30667
43438
35280
27343
38443
51132
47375
43856
34511
42731
37511
34266
40550
47148
37766
33047
40165
49403
31896
30422
45645
46938
41019
37663
23409
34522
25314
28745
29324
51097
58435
58973
51989
79111
79289
62230
59133
98099
98046
87090
71029
105429
56344
51122
64249
94205
47868
42183
31350
78606
46267
56481
44789
70562
51759
42555
37485
63034
28154
24219
22305
32200
15892
12531
13395
20093
13503
19922
21500
29047
26564
17939
14496
29010
17915
8793
13397
6310
9400
19096
17665
24159
10245
8328
6975
23597
16892
15112
16090
21923
16732
20193
15346
11334
