110858
345492
412165
530199
868814
902995
801143
724152
1298362
813195
1137583
975380
1175590
713259
704899
524025
379928
206770
214773
128408
574742
80604
651557
956655
1592865
1174706
1109353
994023
1650682
1198380
1021434
1002902
1769975
864821
342221
334326
832739
439214
440927
420393
773878
400665
366750
352552
757407
438265
383605
614877
1199122
834152
646546
426252
944043
461299
559740
535654
432668
99870
190725
74803
399083
189240
210376
452130
476104
337412
465492
430286
504550
428064
69895
442631
510806
292818
490089
780566
948813
797074
792955
785348
540608
332493
337463
229749
369916
77962
147533
179948
329948
361529
317442
295755
327778
62411
83885
166576
468384
128113
47746
481046
567279
483982
147239
128622
326117
259007
238986
217618
387671
184832
174675
267769
799202
408305
169938
276509
763826
437905
757317
967409
949303
392147
272260
449560
484726
222665
441267
408174
615025
245092
249905
326293
604272
367198
370728
377884
666562
484349
416152
372577
742441
272473
452946
486248
605907
197301
799561
92007
790985
422306
240385
338191
681950
601123
250584
212400
508513
37964
103155
136878
723817
410555
334724
553695
655985
246808
218663
169625
559617
387343
125773
83331
282665
197034
209107
292222
742822
569456
281818
277913
837548
456538
486021
439622
818979
216802
589596
671451
590167
354281
43100
58248
1121749
489067
409551
584215
850813
143430
307295
267281
455614
408941
172382
105973
443447
281285
331077
266039
546123
527662
565111
642413
1024726
762300
245823
268114
542166
365999
416187
303905
498206
339476
48197
729025
1143379
626082
615738
520537
560338
892387
65955
73962
901949
275743
193888
259387
395979
246380
187441
235061
407287
317036
1282300
1006565
1201009
610167
692524
572875
842524
516525
261647
352190
520920
758287
322563
278265
286757
665230
473610
960109
873885
356144
373141
397928
570805
234238
534345
260432
736308
470942
989589
673174
1335758
806133
450841
209367
433485
695621
593199
644942
925421
593613
638331
442858
1139061
106271
100733
87280
828706
141768
59238
57718
884973
570026
408606
602500
424475
499001
326426
81328
1266930
1205149
1256793
1011198
1629653
577941
298535
440649
1087036
200795
321118
423173
1055121
755464
786342
870752
725417
691579
683300
450841
1125483
687927
360387
496165
795686
742242
610866
917470
1059894
290630
386896
471410
662300
218955
549043
456661
550615
348401
45687
583965
1035730
374962
358768
933963
1470053
911021
1262879
754242
1271517
747424
980605
1108199
1313920
761699
308958
1601491
788744
984825
1011150
1254910
1550563
850325
357577
584341
1719524
1457792
1290830
1026625
1323306
818060
245471
978475
1088042
245216
156060
644017
871684
429452
494399
187887
587165
497798
179023
61541
446931
251735
80634
75905
500724
106527
240562
306406
865446
61620
266059
262443
468949
228542
436592
477988
361855
264263
306415
351442
954983
219657
194951
130142
741972
343330
510431
517591
643970
313973
463684
546078
552118
354551
161021
272194
1572966
1200553
1715757
1390613
870820
397269
1766890
1052668
471824
472647
985559
1578878
1591799
1213415
367900
570221
857563
455765
459330
204119
403200
138040
1928686
612845
1253805
462154
222802
147006
632097
154351
215158
343402
550318
622018
126601
95214
666168
328013
467273
388013
466183
175708
1708503
1190329
1525670
1146713
1055840
843931
1180903
619760
450478
311997
624613
127363
368465
331582
653143
118935
278680
175312
647693
229140
145494
319308
515136
235478
409443
159663
390578
156031
404646
603669
544601
116514
218823
257873
563894
530593
455717
506868
732965
521108
547676
471542
776318
642474
509497
698623
987560
688709
579740
574715
700209
625869
635826
626884
792508
703595
631028
646708
866170
582740
605813
861608
872720
757612
791064
447590
762728
568211
666008
628787
837561
930127
1063497
774534
1108475
1015878
855787
860539
1312946
1234283
1038746
967702
1314210
1061173
733047
1153655
1248918
1123410
1209938
722976
1348708
1070877
1551705
1019845
1430083
1067765
1189503
960248
1253743
725200
771223
701627
795827
449030
477637
533692
692537
498371
369584
367004
531781
469969
361286
340273
504127
343786
193223
258365
51520
111818
207122
180380
270470
131240
114212
109605
256928
193082
193285
198673
291251
233920
247226
206278
123861
