0.0		10.575737417940001
0.670000076294		10.761815950919999
1.06999993324		10.457766233760001
1.62999987602		10.5173961456
2.08999991417		10.6966504065
2.74000000954		9.792593639580002
3.18000006676		9.596210526330001
3.75		7.487103734430001
4.64999985695		5.81091
5.64999985695		5.18512625697
6.83999991417		4.47682840236
8.39999985695		3.3961107011099996
9.45000004768		5.59497497019
10.1199998856		7.421026178010001
10.8399999142		7.2848203497599995
11.4400000572		7.281252446190001
12.1199998856		7.565093378609999
12.7799999714		6.96088732395
13.5399999619		6.485855421689999
14.1900000572		5.67175583484
15.5399999619		3.79032114468
16.5599999428		3.01398692811
17.4600000381		4.413734161500001
18.2300000191		6.44169911505
19.0		7.20028699551
19.6499998569		7.61412857142
20.2599999905		8.05229601519
20.6800000668		8.135405572769999
21.3699998856		8.169286432169999
21.9800000191		9.15539534883
22.4800000191		9.296345323739999
22.8499999046		13.332395604390001
23.2699999809		13.274254545449999
23.7300000191		11.11875603216
24.3399999142		9.68276335878
24.8399999142		10.22590570719
25.3299999237		10.35551515152
25.8899998665		9.06991966173
26.4600000381		8.736647302889999
26.9700000286		10.66953253011
27.3999998569		10.73961739131
28.1199998856		7.93576923078
28.8699998856		6.40497723825
29.8699998856		4.72279295154
30.8899998665		4.46953648068
31.8599998951		4.72887471525
33.1099998951		3.9201310344899998
34.1599998474		4.34103455496
35.3199999332		3.67386866793
36.4500000477		4.1972769230699996
38.1900000572		2.715880851063
40.9800000191		1.4673405284699998
42.5899999142		2.7432717607979997
44.8099999428		1.962317580339
46.8699998856		1.993717791411
48.2100000381		3.89601287208
50.0299999714		2.4620324826
51.1499998569		3.17910724638
51.5099999905		5.20288973385
52.4200000763		6.90557248158
53.1099998951		6.957741176459999
53.8599998951		6.726018237089999
54.1800000668		6.54829955946
54.4400000572		6.410074074060001
54.8199999332		6.63701694915
56.4600000381		8.16508374384
57.1399998665		8.81495477388
57.5799999237		9.390647230319999
58.2799999714		8.065064039400001
58.879999876		7.709109375000001
59.7000000477		7.65553591161
60.2000000477		7.9657864077600005
60.75		7.9313934066
61.4300000668		7.905999999990001
62.0899999142		8.155866432329999
62.7100000381		8.565101886779999
63.3099999428		7.28986930692
64.0499999523		7.17765137616
64.7200000286		7.318843373489999
65.4400000572		7.3314432
66.0299999714		7.4265868263599994
66.7300000191		7.37721854304
67.3999998569		6.78179073756
68.0699999332		7.52903496504
68.4800000191		9.811080745349999
69.0599999428		9.77095081968
69.4200000763		9.98859205776
69.879999876		9.897091922009999
70.3899998665		10.349459715630001
70.9500000477		10.1839154334
71.5599999428		8.34425048925
72.2100000381		7.5913416815699994
72.6700000763		7.007295999989999
73.629999876		6.268719794339999
74.3899998665		7.01958989598
75.0099999905		7.27312570356
75.5899999142		7.489185185189999
76.3099999428		7.0088064
77.0199999809		6.656975922960001
77.9099998474		6.41437168143
78.5899999142		7.0445128205100005
79.25		7.09478200692
79.9300000668		7.29604081632
80.6700000763		6.51867492261
81.3599998951		7.404441471570001
81.8999998569		8.17917880794
82.4700000286		10.3380375783
82.9600000381		10.49970149253
83.5699999332		8.29457640231
84.1499998569		8.501240816340001
84.6800000668		9.47934246576
85.2100000381		10.47776958525
85.6399998665		12.375188059709998
86.0399999619		12.39349367088
86.4600000381		13.556422360260001
86.879999876		13.579404255330001
87.3199999332		11.39521387284
87.7999999523		10.586215384620001
88.3099999428		9.9574676259
88.8099999428		9.46532038836
89.3999998569		9.78332121213
89.9099998474		10.01071698114
90.3299999237		9.91077108435
90.5599999428		9.9156521739
91.2300000191		9.84437127846
91.7400000095		9.69521311476
92.3399999142		8.67788235294
92.629999876		7.662185567010001
92.8599998951		7.47073381296
93.1900000572		8.33157446808
94.5599999428		10.51276109937
95.1599998474		10.46228230617
95.6399998665		8.366212987019999
96.3099999428		8.46831724137
96.8399999142		8.95025850339
97.5599999428		8.7977904762
98.0299999714		8.7284680851
98.629999876		7.00734757281
99.3499999046		7.378933333319999
99.9800000191		8.69042696628
100.480000019		11.07196097562
100.879999876		12.0701114754
101.389999866		11.04513882354
101.909999847		9.98180281689
102.480000019		9.50653941909
102.970000029		9.25552238805
103.539999962		9.20628099174
104.059999943		9.259447306799999
104.579999924		10.20523222749
104.970000029		10.42629702969
105.49000001		11.14071028038
105.809999943		11.82410256411
106.200000048		11.76508609272
106.589999914		14.60692976589
107.00999999		14.596945454550001
107.460000038		11.910368715090002
107.970000029		9.91485981309
108.339999914		9.80498507463
108.950000048		9.343034482770001
109.519999981		9.82158835758
109.980000019		10.4209032258
110.409999847		10.89743712576
110.869999886		11.87128455285
111.309999943		11.78209090908
111.859999895		10.864599571740001
112.349999905		10.53974424552
112.930000067		8.49023602485
113.50999999		8.684356275299999
114.069999933		8.94068789808
114.649999857		9.07347540984
115.139999866		9.23982044889
115.819999933		8.35062394605
116.409999847		8.47566265059
116.940000057		9.94964269143
117.440000057		10.16001951219
117.899999857		11.19124528302
118.399999857		11.09110243902
118.879999876		10.684762886609999
119.329999924		10.788826446269999
119.75999999		13.03035223881
120.190000057		13.02514285713
120.690000057		9.61644878049
121.25		8.784306382979999
121.930000067		7.110041095890001
122.579999924		7.01387050359
123.349999905		7.142690265480001
124.099999905		6.440886191190001
124.619999886		7.564082758620001
124.869999886		8.77153846155
125.730000019		8.27855081001
126.269999981		9.13875496689
126.839999914		9.220250000010001
127.089999914		9.408000000000001
127.289999962		9.27171428571
127.589999914		9.692673267330001
129.019999981		9.7692259332
129.639999866		9.92929811322
130.039999962		10.22537142858
130.700000048		8.6472253521
131.389999866		6.62259060402
132.50999999		5.39689191822
133.170000076		5.76784534272
134.0		4.85704441455
135.019999981		5.0420043384
135.940000057		5.58446209386
136.819999933		5.71725944583
137.569999933		5.66366769231
138.579999924		5.10237391305
139.480000019		5.243215782989999
140.480000019		5.03533186812
141.430000067		4.37731764705
142.220000029		6.42051873198
142.899999857		6.71270628183
143.609999895		6.9573634895100005
144.029999971		9.57323636364
144.629999876		9.49845418326
145.019999981		9.22280000001
145.49000001		9.22871688312
146.109999895		8.240513207549998
146.799999952		8.12308937604
147.430000067		7.89613333332
148.0		8.87774058576
148.369999886		9.2525915493
149.029999971		8.60152380951
149.690000057		8.27352714537
150.289999962		7.63105511811
150.809999943		8.52399063231
151.349999905		9.75613363029
151.889999866		9.17543362833
152.569999933		8.73281927712
153.129999876		8.82449678802
153.690000057		8.70654777069
154.25999999		8.993861635230001
154.819999933		8.99799999999
155.379999876		9.28271698113
155.909999847		8.53725345621
156.629999876		7.78603773585
157.289999962		7.43112676056
158.00999999		6.883300160520001
158.75		6.3791852986199995
159.460000038		6.685913043479999
160.159999847		7.41819249591
160.789999962		7.763460674160001
161.359999895		8.15904999999
162.059999943		7.1677635468
162.859999895		6.274752808980001
163.619999886		5.9468235294000005
164.349999905		6.40096744185
165.049999952		6.874609271519999
165.659999847		7.48505182341
166.430000067		7.142690265480001
167.119999886		7.10978894472
167.670000076		7.1529913043399995
167.960000038		6.98142857142
168.869999886		6.83005589307
169.649999857		6.08802352941
170.319999933		7.6043298968999995
170.599999905		7.99174193547
170.829999924		7.69208888889
171.170000076		7.95902439024
172.769999981		8.13835679214
173.559999943		7.4434625176800004
174.00999999		8.9472
174.569999933		10.53996566523
175.019999981		10.994607242339999
175.589999914		11.59541422593
