0.0		4.74299509323
1.43000006676		4.26806812653
3.12000012398		2.271503526093
6.66000008583		1.54502170494
7.88000011444		3.5399677130100002
9.31999993324		4.12089814125
10.0899999142		4.86207999999
10.9300000668		4.79891489361
11.9800000191		4.82733956385
13.0599999428		4.72575152748
14.25		4.14188321169
15.4100000858		3.4697304429899996
16.7300000191		3.84139443534
17.7999999523		4.33902857142
19.2200000286		3.45041566266
20.370000124		3.55369627506
22.0		2.8990500975930003
23.2599999905		3.3996423043799995
25.25		2.271417721518
26.5099999905		2.742333333333
29.6300001144		1.5762723966930001
31.6900000572		1.427678018577
33.9800000191		1.642651872399
36.2400000095		2.03801773215
37.7400000095		3.43580028531
38.9700000286		3.7733734513199995
40.3399999142		3.33351139041
41.2899999619		3.04841763342
42.5699999332		4.1156658227700005
43.6600000858		4.719464535449999
44.9400000572		3.2852338983000005
46.1900000572		3.16499478261
47.0599999428		5.64497938143
47.8600001335		5.8660480905300005
48.8299999237		5.80522654461
49.6300001144		5.80428169014
50.3499999046		6.50918095239
51.0599999428		6.95311507293
51.7799999714		6.792038709689999
52.5299999714		6.77042201835
53.1800000668		6.55781946903
54.0599999428		6.308178343949999
54.7300000191		7.239931389360001
55.4200000763		7.14716000001
56.0899999142		7.231958333340001
56.6600000858		8.59617391305
57.5799999237		5.5119418181699995
58.4400000572		5.39803125
59.1100001335		6.69460512822
59.7799999714		7.50028865979
60.4900000095		7.3119869067000005
61.1100001335		7.35586567164
61.7200000286		7.92442226487
62.3099999428		8.40539271255
62.8399999142		8.923826086950001
63.4800000191		8.77308695652
64.0499999523		8.69783606556
64.5199999809		8.68173087072
64.7699999809		8.71566878982
65.5		8.81055799374
66.0499999523		8.902916129040001
66.5899999142		9.90093959733
66.8299999237		10.043675675669999
67.0199999809		9.79652830188
67.3299999237		9.32342857143
68.7599999905		9.90545019921
69.4600000381		8.64126108375
69.9800000191		7.632682464450001
70.6600000858		8.29666216215
71.2200000286		8.47009442061
71.9500000477		8.71479245283
72.4400000572		8.103466666680001
72.9900000095		7.862274509790001
73.7300000191		7.22974805598
74.5699999332		6.20412834225
75.4200000763		5.98879155672
76.0099999905		7.26111242604
76.8199999332		6.546979079489999
77.620000124		6.005999999999999
78.6300001144		4.99689422028
79.6300001144		4.0887032967
80.7799999714		4.21555345317
81.5899999142		5.55306741573
82.3099999428		6.771396226409999
82.7899999619		8.14218556701
83.4400000572		8.54520430107
83.8199999332		9.41102040816
84.2899999619		9.525619302960001
84.7599999905		11.40332114883
85.2699999809		11.30749295775
85.8800001144		8.34425048925
86.4800000191		8.3044227006
86.8800001144		8.44931189712
87.7400000095		7.1933097345000006
88.4500000477		7.53458373207
89.0199999809		8.16121263159
89.5499999523		8.30991780822
90.1600000858		8.47292843328
90.7699999809		8.13195294117
91.5599999428		7.25860944207
92.3600001335		5.74761506277
93.2599999905		5.145274780439999
94.4000000954		4.09748997135
95.9900000095		2.8036378162439997
98.0799999237		2.221703963874
98.9600000381		4.74413316261
99.9900000095		5.26240170033
101.170000076		3.9227509293600002
102.339999914		3.97064444445
103.079999924		6.35970687024
104.0		5.05103649636
105.319999933		3.6940308692099997
107.319999933		2.172792452829
108.380000114		4.09659414225
109.349999905		5.00592660549
110.450000048		4.4016
111.319999933		5.06128883184
112.170000076		5.47562864721
113.069999933		5.09480245398
113.839999914		5.71805278593
114.779999971		5.737848341219999
116.029999971		3.67175086506
116.99000001		3.81271842411
117.450000048		3.67838709678
118.680000067		4.9921278863100005
119.880000114		3.7296000000000005
121.079999924		4.01243880327
121.49000001		4.6744150943400005
121.799999952		4.53463755459
122.329999924		4.58529274005
124.029999971		7.355822485200001
124.839999914		7.4120112676200005
125.339999914		7.78017391305
125.99000001		8.7864472272
126.5		9.44273684211
127.360000134		7.151752258049999
127.910000086		7.119097613879999
128.50999999		7.131984189719999
129.319999933		6.465546592499999
130.099999905		6.77472700731
130.870000124		6.656164222859999
131.599999905		5.7521625
132.460000038		6.11221875
133.190000057		6.77109554139
133.980000019		6.5087386363499995
134.690000057		6.05980456026
135.380000114		7.43879799666
136.099999905		6.2362523659199995
136.930000067		5.819740540530001
137.480000019		6.9128402625900005
138.279999971		6.782679943110001
138.769999981		6.8656079404499994
139.329999924		7.624583691
140.120000124		6.27510344829
141.329999924		4.3008857142900005
142.279999971		4.98120560748
143.220000029		5.0398574821799995
144.0		3.79730635839
145.789999962		2.87562735849
147.440000057		3.0361079691599997
148.279999971		5.22449595687
148.950000048		6.2431286449500005
149.610000134		7.69860105447
150.289999962		7.05322448979
151.180000067		6.31065671643
151.970000029		5.90406876792
152.620000124		7.29676868328
153.370000124		6.539743902450001
154.089999914		6.68422857144
154.769999981		7.54319591142
155.420000076		6.56944680852
156.220000029		7.0339772727300005
156.860000134		7.70233576641
157.819999933		4.94043317973
159.400000095		2.8032355316279998
160.819999933		3.15978082191
161.839999914		4.92670855905
162.610000134		6.078721407629999
163.309999943		6.40972831425
164.059999943		6.67456880733
164.789999962		6.948093312599999
165.5		6.31850000001
166.25999999		6.16212537312
167.039999962		6.06169927008
167.819999933		5.6847113702700005
168.49000001		8.32086597939
169.089999914		8.37188165679
169.769999981		5.53935353535
170.099999905		5.6080327869
171.25		5.8310539419000005
172.039999962		5.98245086706
172.74000001		7.32735099339
173.019999981		7.46966834172
173.230000019		9.35524324323
173.529999971		9.413076923070001
175.279999971		6.55143083004
175.789999962		12.529828571429999
176.140000105		12.63134117646
176.610000134		12.925326315780001
177.00999999		12.815142857129999
177.589999914		11.152128772649998
177.980000019		11.16293877552
178.430000067		9.941553719009999
178.99000001		9.95444967879
179.589999914		8.97618568665
180.190000057		8.95365680472
180.690000057		9.13494789081
181.299999952		9.06213127413
181.860000134		9.0473361702
182.549999952		7.58634437085
183.180000067		6.87748613679
184.039999962		5.78680519482
184.640000105		7.87606374501
185.279999971		7.93113812154
185.74000001		8.44697326203
186.390000105		8.54520430107
186.799999952		8.868076923090001
187.279999971		9.1338200514
187.789999962		10.349459715630001
188.370000124		9.69213682092
188.960000038		8.70186122448
189.529999971		8.73160493826
189.920000076		8.8475959596
190.480000019		10.488309677430001
190.980000019		11.60733169533
191.390000105		11.8913374233
191.779999971		12.25503030303
192.230000019		12.16806666666
192.640000105		12.87980124225
193.120000124		12.943285714289999
193.569999933		11.51128491621
194.029999971		11.391066666659999
194.579999924		9.18644967879
195.170000076		8.422128
195.559999943		14.808882943140002
195.900000095		14.88019277109
196.339999914		14.108034188040001
196.769999981		12.414352941179999
197.210000038		12.465976744199999
197.599999905		13.437445161300001
198.0		13.524273615630001
198.430000067		13.29635087718
198.839999914		13.33018649517
199.220000029		13.366361774729999
199.710000038		10.7781925926
200.220000029		10.843747572809999
200.670000076		10.77252459015
201.140000105		10.80791623038
201.720000029		8.61465560166
202.279999971		8.227240506329998
202.779999971		11.7542330097
203.230000019		11.7577396122
203.539999962		15.52064150943
203.710000038		15.549545454539999
204.170000076		15.40037260275
204.920000076		6.2820273141000005
205.940000057		4.753727175090001
206.360000134		4.54576146789
206.640000105		5.76906666666
207.059999943		5.82714285714
209.309999943		5.15823236514
210.519999981		4.72399281867
211.059999943		7.303836734699999
211.74000001		8.25483025209
212.269999981		8.991034168559999
213.269999981		6.084092206379999
