0.0		3.0473593947
3.87999987602		1.45695681063
6.08999991417		1.9652178157409999
9.25		1.984494545454
11.2200000286		2.109601282737
13.7599999905		2.280908641974
15.1499998569		2.565992181393
16.5		2.891653846155
18.4399998188		2.519635772358
20.3199999332		2.607128089887
22.3999998569		2.286903778338
24.3299999237		2.0149885057469996
26.379999876		2.409745379877
29.0399999619		1.657150428684
31.5099999905		1.928515151514
33.5899999142		1.882003034901
36.0599999428		1.8793083087299998
39.0899999142		1.348953940635
43.8699998856		0.9211995721919999
48.9299998283		0.6370574712629999
56.0399999619		0.6992556093269999
60.1699998379		0.711269922879
64.7899999619		0.785205745857
69.2699999809		0.998507544582
76.1899998188		0.707652710445
80.0199999809		1.190039631594
82.7699999809		1.5995326045979998
84.8199999332		1.346176229508
88.379999876		1.413641739129
93.8699998856		0.878754464286
97.9299998283		1.025006874669
101.589999914		1.022974704891
106.349999905		0.9384113110529999
108.129999876		2.455474245114
109.059999943		6.06184946238
109.649999857		8.359107505079999
110.119999886		10.73503664922
110.599999905		11.17206249999
111.039999962		12.24146511627
111.49000001		12.231646408829999
111.939999819		10.46657627118
112.50999999		10.38138364779
112.970000029		11.69218836564
113.429999828		11.65297826088
113.819999933		13.83922923588
114.210000038		13.886127090299999
114.649999857		13.25758600584
115.079999924		12.301744807110001
115.49000001		12.35439747633
115.960000038		11.60948936169
116.439999819		11.63443749999
116.849999905		12.05732110092
117.279999971		12.21486390534
117.720000029		11.86361142858
118.149999857		11.67578443113
118.679999828		11.13274482759
119.210000038		9.690739726019999
119.619999886		10.00114285713
119.829999924		11.403
120.409999847		11.47170612246
120.839999914		12.39477844311
121.279999971		12.82817391303
121.480000019		13.03915789473
121.659999847		12.36228571428
121.899999857		13.05279999999
123.25		11.51049999999
123.839999914		10.7179796334
124.25		9.85012844037
124.809999943		10.49492307693
125.24000001		11.57496774195
125.799999952		11.76774522294
126.159999847		12.38454339624
126.539999962		12.31666894197
127.0		12.564129729720001
127.470000029		12.508592991899999
127.919999838		12.505520661150001
128.299999952		12.437108108100002
128.769999981		12.55129411764
129.189999819		12.84667069485
129.639999866		12.79930726257
130.069999933		11.139880239510001
130.559999943		11.1396
130.980000019		12.05421951219
131.419999838		12.09721348314
131.769999981		12.012045627390002
132.25999999		12.10209137055
132.579999924		12.135263157899999
132.939999819		13.014857142870001
133.349999905		13.397153374230001
133.809999943		13.01889729729
134.24000001		12.50414076246
134.669999838		12.48105882354
134.970000029		12.572899521539998
135.450000048		12.505292307690002
135.919999838		12.497841269850001
136.309999943		12.71008524591
136.689999819		12.72637762239
137.139999866		12.20196100278
137.569999933		12.306516320460002
138.099999905		11.50514285715
138.549999952		11.3840883978
139.019999981		10.906340425529999
139.50999999		10.80622670025
139.99000001		10.687979695440001
140.5		10.74722330097
140.939999819		10.55603418804
141.5		10.38138364779
142.00999999		10.269781021890001
142.519999981		10.23459665871
143.0		10.76384496123
143.450000048		11.46948066297
143.939999819		11.14547058825
144.409999847		10.90970526315
144.869999886		10.64223913044
145.439999819		9.18982736841
145.980000019		9.8841238938
146.419999838		11.36237463978
146.869999886		11.249656675739999
147.319999933		11.59850279331
147.75		11.571845697330001
148.25999999		11.53034285715
148.710000038		11.56551498639
149.079999924		12.18657777777
149.279999971		12.43963636365
149.819999933		12.27322270743
150.299999952		10.86576377952
150.960000038		9.12519587628
151.200000048		10.11200000001
151.389999866		9.98492307693
151.689999819		9.93868020306
152.980000019		11.92454676258
153.49000001		12.44096453901
153.829999924		12.53304280155
154.349999905		11.50263231849
154.789999962		11.474023255799999
155.309999943		12.800480369519999
155.649999857		13.023428571420002
156.029999971		12.662399999999998
156.49000001		12.396608000009998
156.960000038		12.375167999999999
157.409999847		12.36922070844
157.809999943		12.2305116279
158.299999952		11.4492292683
158.769999981		11.36964705882
159.289999962		10.731035128799999
159.730000019		10.630628571419999
160.25		10.33837587006
160.720000029		10.35021989529
161.269999981		9.4030742358
161.710000038		8.87406741573
162.279999971		9.87209937888
162.629999876		10.7659143969
163.049999952		10.76683636365
163.5		12.031603305780001
163.99000001		12.07266165414
164.49000001		10.63319700747
164.980000019		10.58244389028
165.349999905		9.384771428579999
165.960000038		9.28964571429
166.579999924		9.032856596550001
167.089999914		9.07863231849
167.579999924		9.07666832919
168.139999866		9.50217787419
168.579999924		11.84941714287
169.109999895		11.531290909079999
169.619999886		9.65114754099
170.129999876		9.85765384614
170.579999924		11.88385595568
171.029999971		11.862152112690001
171.49000001		11.87092761393
171.899999857		11.8375974441
172.369999886		12.929295039149999
172.769999981		13.442292993629998
173.200000048		12.724913946600001
173.669999838		11.020126984140001
174.129999876		11.19124528302
174.539999962		14.035037037030001
174.929999828		14.10097959183
175.339999914		11.97658715595
175.829999924		11.02315151514
176.359999895		10.017094170390001
176.889999866		9.1056443418
177.549999952		7.25592970122
178.279999971		6.54931230285
178.929999828		6.9389893238400004
179.700000048		7.163822485200001
180.419999838		6.68432125983
181.069999933		5.93930685921
181.389999866		6.0015789473700005
182.359999895		6.39492150171
182.970000029		8.05419455253
183.669999838		7.243404255330001
183.970000029		7.18098550725
184.210000038		7.01643243243
184.899999857		3.3297959183700003
186.919999838		5.63779591836
188.149999857		4.62843271767
189.089999914		3.7938657243900002
190.289999962		4.440889692600001
191.189999819		4.91539726026
192.399999857		4.93553695458
193.25		4.29568586388
193.919999838		6.25439168112
194.75999999		6.181819148940001
195.649999857		5.85945454545
196.569999933		5.482492753620001
197.359999895		5.24413675215
198.429999828		4.83438105045
199.25		5.8170287277599995
200.149999857		5.64304433499
200.859999895		6.030340356570001
201.679999828		6.05413043478
202.439999819		5.945539849619999
203.25		5.98971905424
203.829999924		6.5679168399300005
204.599999905		6.9104695652100006
205.059999943		7.6012087912199995
205.839999914		5.95151758794
206.689999819		5.7391222076099995
207.609999895		5.80360481928
208.279999971		7.44138219894
208.980000019		6.877730956230001
209.460000038		6.843062499989999
210.149999857		8.06126280993
210.809999943		8.30260808436
211.359999895		8.5575629139
211.819999933		9.890608695660001
212.339999914		10.02403661328
212.929999828		8.412365111549999
213.609999895		8.51303355705
214.109999895		10.2005940594
214.609999895		9.977576642339999
215.149999857		9.4913097345
215.710000038		9.13462906725
216.299999952		8.75070355731
216.869999886		7.8499322034
217.619999886		7.53716894976
218.24000001		7.90426966293
218.849999905		8.18377099236
219.439999819		8.34791182365
220.139999866		6.919919999999999
220.919999838		6.514830945570001
221.659999847		6.45745794393
222.24000001		7.9762606924499995
222.869999886		8.08364444445
223.5		8.27337777777
224.079999924		8.03002851324
224.720000029		7.54775868372
225.589999914		5.3508556701
226.25999999		6.73525388601
227.049999952		6.9083366619
227.75999999		6.84603870969
228.379999876		6.23177272728
228.689999819		6.21981818181
229.579999924		6.98277763974
230.269999981		6.957741176459999
231.019999981		6.6853776435
231.329999924		6.66575784753
231.579999924		6.44988819876
231.980000019		6.440526315780001
233.849999905		6.2626397985
234.649999857		7.319232267029999
235.25999999		6.206150289029999
236.119999886		6.37045914396
236.799999952		6.735604095569999
237.599999905		7.762756302510001
