0.0		4.254500000009999
0.920000076294		7.85451940299
1.45000004768		7.38759633027
2.5		5.153855194109999
3.19000005722		6.524072727270001
3.93000006676		8.70111145998
4.38000011444		9.14179387188
5.00999999046		6.670580406659999
5.74000000954		7.252305772230001
6.47000002861		7.206037267079999
7.68000006676		4.09333092876
8.45000004768		5.49460298508
9.3100001812		6.1042704811499995
10.4600000381		4.0536205910400005
11.6100001335		4.32278490567
12.5700001717		4.296443418
14.0600001812		3.20564028777
16.4700000286		1.713077989602
18.2000000477		2.629186813188
19.1300001144		3.7698902148
20.5200002193		3.6594198004500003
21.1500000954		5.200827067680001
21.9100000858		5.3509879518
22.7800002098		5.56365859872
23.7100000381		5.7345142857
24.5500001907		5.67764580558
25.4400000572		5.31108886107
26.2200000286		3.83611094892
27.4700000286		4.18991752578
28.4300000668		5.4488858131499995
29.2000000477		5.7176637168
29.9300000668		5.70492789969
30.7900002003		5.69636410923
31.6100001335		5.69683516485
32.6400001049		5.438122186499999
33.5400002003		5.0939925834299995
34.4500000477		5.01318337407
35.1100001335		7.5796325088300005
36.3000001907		3.8492358318
37.5200002193		3.90808120035
38.4100000858		4.6664584383
39.3600001335		5.8052989449000005
40.3300001621		4.84601607348
41.2700002193		5.08694661921
42.2000000477		4.97089260144
43.0200002193		5.64123913044
43.9100000858		5.71993962264
44.7100000381		5.855491525410001
45.4400000572		6.109741029629999
46.4500000477		4.75508496732
47.870000124		3.3794432677799997
48.9200000763		4.09848648648
50.0300002098		4.09179781962
50.9900000095		4.75631615121
52.0099999905		4.20227586207
53.0900001526		4.9365382263
54.0300002098		4.94702097903
54.8100001812		4.80346861314
55.1800000668		4.93992779784
56.25		5.70673705584
57.0300002098		6.07908370044
57.8500001431		6.07094650206
58.1800000668		6.19359999999
58.4500000477		5.83388764044
58.8600001335		6.176403785489999
60.9700000286		4.86073900293
62.25		4.45599322608
62.9200000763		5.55343448277
64.0700001717		4.6292403393
64.9100000858		5.36285869566
66.0200002193		5.42860724781
66.7800002098		4.92778378377
67.5500001907		5.34634666668
68.2800002098		7.275004694850001
69.2800002098		5.10526732674
69.9900000095		7.52819900499
70.6100001335		6.919894736849999
71.6600000858		4.91537591622
72.620000124		4.87643119266
73.5200002193		5.68505210919
74.5700001717		3.8717169614999998
75.3600001335		6.39288378765
75.9900000095		7.516699619759999
76.8600001335		5.52129230769
77.7200000286		4.13503664922
78.7200000286		5.22258926616
79.2900002003		5.88689361702
80.5600001812		2.998359493671
81.1900000572		8.10291651207
82.7900002003		3.1942917771899997
83.4500000477		7.44138219894
84.9600000381		3.06394223826
85.4600000381		6.31667307693
86.9700000286		3.68636734695
87.8600001335		5.9274579673800005
88.5099999905		6.83699470899
89.2200000286		5.97659113299
90.0700001717		5.77902902376
90.870000124		5.84126197182
91.7700002193		6.3028173912900005
92.4500000477		7.0445128205100005
93.0800001621		7.63646927373
93.6600000858		8.70197160243
94.1600000858		10.32123529413
95.2200000286		4.60755046827
95.9600000381		5.75336645964
96.9000000954		5.81894242068
97.7800002098		5.3837755101900004
98.6000001431		5.85033560709
99.6400001049		4.36189319373
100.550000191		5.05718879415
101.520000219		5.196973714289999
102.200000048		7.14773793102
103.120000124		4.72988405796
104.620000124		3.09366973776
106.110000134		3.19801288476
107.74000001		2.573592689295
109.140000105		3.1709861751299995
110.320000172		3.8164191176399997
110.880000114		8.20992
111.520000219		8.8694945055
112.370000124		5.636844621510001
112.930000067		7.01572707888
113.210000038		7.201894736850001
114.130000114		6.813498181830001
114.890000105		6.197389221570001
115.770000219		5.58098360655
116.150000095		5.21566315788
116.450000048		5.11542857142
117.03000021		4.045289256209999
119.640000105		3.3780815217300004
120.520000219		6.6530063210999995
121.430000067		3.9716300863200003
122.25		6.6734021739000005
123.75		2.825385826773
124.650000095		6.85966336635
125.520000219		4.18610204082
126.110000134		7.26113480886
127.5		3.5814545454599997
128.160000086		8.170225352100001
129.160000086		5.02157522124
129.830000162		6.402406956509999
130.470000029		8.61318165138
131.840000153		3.3774805401000005
132.460000038		8.62928813559
133.060000181		7.30986247545
133.820000172		6.670419161669999
134.670000076		5.25070916334
135.840000153		3.99870752088
136.350000143		7.503961995240001
137.880000114		3.32512133892
139.350000143		1.9948377793799998
141.2900002		1.92160951866
142.2900002		4.86355456569
143.430000067		4.5963664122
145.220000029		2.568621686748
145.970000029		6.458995433790001
146.420000076		7.31959888578
147.25		6.5640161507400006
148.110000134		6.103596899219999
148.950000048		5.1895261044300005
150.020000219		3.7523134020600004
151.690000057		2.7812723809530002
152.610000134		5.014868198309999
153.5400002		6.0546157518
154.25999999		6.562165605090001
154.900000095		7.46955191256
155.53000021		8.048915572230001
156.460000038		5.01317142858
157.25		6.37101582735
158.860000134		2.439215273205
160.320000172		3.61982456139
161.450000048		4.121953125
162.980000019		2.967678892734
164.020000219		4.38947102214
164.900000095		5.28238167939
165.730000019		6.20375443383
166.340000153		7.91161832061
166.970000029		7.3202691588899995
167.670000076		7.1209918434
168.390000105		7.13677955271
170.110000134		2.420346224679
170.920000076		5.83138983051
171.5400002		7.805007518789999
172.390000105		5.0711469440700006
173.450000048		5.008008273
174.200000048		6.4604931506700005
174.78000021		6.770320987650001
175.060000181		7.164188481690001
176.360000134		5.0099251336799995
177.080000162		6.59212738854
177.980000019		5.51148194271
178.420000076		4.22290909092
178.810000181		3.50821621623
179.470000029		3.4470422535300003
185.890000105		3.1479235779300003
189.960000038		1.35772136223
191.100000143		3.1393684210499995
192.130000114		5.26998283263
192.980000019		5.20720844328
194.74000001		3.31297549314
195.380000114		6.04402209945
196.150000095		5.30703529413
197.050000191		5.7676526054699995
198.0		5.3836287702900005
199.00999999		4.95038604144
199.75999999		5.62902752295
200.570000172		6.5287677329700005
201.430000067		5.51523735408
202.190000057		6.849255605370001
202.7900002		7.47132530121
203.420000076		8.20596685083
204.150000095		6.275847619049999
204.860000134		6.968621359230001
205.330000162		8.14218556701
206.110000134		7.022421207659999
206.610000134		6.74839024389
207.230000019		6.74204174574
207.900000095		7.5561799308
208.570000172		8.20611925044
210.470000029		2.404913705583
211.130000114		7.564278074879999
211.560000181		7.774366863900001
212.2900002		7.59667289721
213.080000162		6.77788235295
213.75		6.74187130434
214.330000162		7.42804897959
214.890000105		9.56441921397
215.360000134		10.800249999990001
216.670000076		4.14862469337
217.210000038		9.40876712328
217.810000181		7.91657142858
218.610000134		6.085208510639999
219.400000095		6.01580571429
220.190000057		6.38019596541
220.920000076		5.7444465116400005
221.810000181		6.244539722580001
222.340000153		9.61476082005
222.930000067		8.645758064519999
223.53000021		8.135953125
224.660000086		4.015427466149999
225.310000181		8.091373665479999
227.070000172		2.483935290594
228.130000114		4.07104365903
229.300000191		4.07578711485
230.49000001		4.05042973707
231.640000105		3.7336590909000003
232.770000219		3.98900869566
233.390000105		8.01595366794
233.960000038		8.15839330545
234.640000105		8.2781948718
235.25		8.20994970987
236.03000021		4.748017316009999
236.640000105		2.688330058938
237.440000057		7.950687411600001
238.0400002		8.23033001988
238.680000067		8.1057142857
238.99000001		6.6957837837900005
239.24000001		6.490200000000001
239.720000029		5.19342175065
244.03000021		2.864364055299
245.470000029		3.9097533432300002
246.330000162		4.22148361731
247.440000057		4.8533833992
248.640000105		3.5527128712800002
