0.0		13.88825287356
0.539999961853		14.82402253521
0.839999914169		14.77519266054
1.27999997139		14.31960349854
1.67000007629		13.026613861380001
2.19000005722		13.04143058823
2.50999999046		14.2691478261
2.84999990463		14.152094117639999
3.29999995232		12.94910306406
3.77999997139		11.99144186046
4.31999993324		10.83413842482
4.74000000954		13.99765779468
5.17000007629		13.84715044248
5.54999995232		14.97270422535
5.94000005722		14.97435294117
6.30999994278		13.579270072979998
6.78999996185		11.54362694301
7.21000003815		11.66307964602
7.58999991417		15.16411267605
7.88000011444		15.26168115942
8.30999994278		14.14903264095
8.63000011444		12.135263157899999
9.01999998093		12.04425762711
9.43000006676		13.397153374230001
9.87000012398		14.00288372094
10.2599999905		13.84387012986
10.6700000763		13.302695924760002
10.9600000381		13.47556923078
11.3900001049		14.1775116279
11.7999999523		14.80935423198
12.1500000954		14.90990769231
12.5299999714		12.38008163265
12.9800000191		12.374305084740001
13.370000124		13.50910749186
13.8199999332		14.373280453260001
14.1900000572		14.40923076924
14.5599999428		14.64565714287
14.9400000572		14.641883959050002
15.3299999237		14.083826086950001
15.75		13.49956097562
16.120000124		13.47333818181
16.5399999619		15.051428571419999
16.9100000858		15.18302158272
17.2899999619		14.536596610170001
17.7000000477		12.896619195060001
18.1099998951		12.93442990653
18.5199999809		14.344958990550001
18.9000000954		14.444905923330001
19.2599999905		14.45145387453
19.6600000858		13.90180891719
20.0699999332		13.83165325077
20.4400000572		14.03111743773
20.8299999237		14.23663448277
21.2100000381		14.220082191780001
21.5899999142		13.30959726963
22.0399999619		13.34089256199
22.4500000477		13.64805144696
22.7699999809		13.942271186429998
22.9600000381		14.10680412372
23.4800000191		13.19515492959
23.8900001049		12.85669565217
24.3099999428		13.25065868262
24.5099999905		15.014787878789999
24.6700000763		14.834742857130001
24.8900001049		15.06092307693
26.1900000572		11.40489908256
26.5999999046		16.19239384614
26.8900001049		16.18588944723
27.3199999332		14.70546107784
27.7599999905		11.18148441927
28.370000124		10.618022988509999
28.8199999332		9.14179387188
29.2799999714		9.88707945204
29.6700000763		15.49575999999
30.0599999428		15.46896
30.4500000477		14.69095145631
30.7999999523		14.38040625
31.2200000286		14.3993374233
31.620000124		13.71692903226
32.0399999619		13.71901796406
32.3900001049		13.93528089888
32.7999999523		14.1905732484
33.1700000763		14.37739636365
33.5299999714		15.83311764705
33.8199999332		15.795839999999998
34.2100000381		15.89408000001
34.4900000095		14.26206185568
34.8299999237		14.212224
35.2300000191		14.1801038961
35.6500000954		14.82151384614
36.0299999714		14.75402076126
36.4200000763		13.777792207800001
36.7100000381		13.406816326529999
37.3499999046		10.376731914899999
37.8499999046		11.60733169533
38.2699999809		11.8188292683
38.620000124		13.892152671749999
39.0199999809		13.818624605670001
39.4400000572		12.72176687118
39.9500000477		11.994723404250001
40.3599998951		13.16626198083
40.7200000286		14.75102158272
41.0999999046		14.8445397924
41.5		13.628038834949999
41.9200000763		13.41774545454
42.2799999714		13.72284444444
42.6900000572		15.283703703689998
43.0499999523		15.40467153285
43.4600000381		13.485207547169999
43.8800001144		12.73886238531
44.2899999619		13.0564528302
44.6900000572		14.57484615384
45.0599999428		14.59749295776
45.4700000286		12.20044859814
45.9500000477		11.338098701309999
46.4000000954		12.479396648039998
46.7599999905		14.131698924719998
47.1400001049		14.23663448277
47.5299999714		14.2689484536
47.8900001049		14.390081180820001
48.3599998951		12.644240208870002
48.9400000572		8.75163711339
49.370000124		9.79278571428
49.5699999332		11.69538461538
50.1500000954		11.61391735536
50.5399999619		13.573298360670002
50.9600000381		13.70191950465
51.1500000954		13.89218691588
51.3199999332		13.144708860749999
51.5599999428		13.229189189190002
52.75		14.371491329490002
53.2100000381		14.33931335151
53.5299999714		14.4439103139
53.9600000381		14.23659130434
54.3299999237		14.4053430657
54.7999999523		14.6242955145
55.120000124		14.651357142870001
55.4800000191		12.981237410070001
55.9400000572		12.80641322313
56.4000000954		12.508592991899999
56.8599998951		12.26892972972
57.25		12.190013245020001
57.6500000954		15.240857142870002
58.0199999809		15.351075812280001
58.4200000763		14.733607717049999
58.7699999809		14.36571428571
59.1700000763		14.42019417477
59.5499999523		13.633737931019999
59.9600000381		13.58551419558
60.2799999714		13.50071794872
60.7200000286		13.78099421964
61.0099999905		13.8342
61.3499999046		13.771534883729998
61.7599999905		13.691134796250001
62.2000000477		13.72362393162
62.5799999237		14.75402076126
62.9600000381		14.63296551723
63.2300000191		14.84596610169
63.6900000572		13.25289130434
64.1300001144		13.233008403360001
64.5099999905		13.460333333340001
64.870000124		13.53064684014
65.2899999619		13.47847384614
65.6500000954		15.247411764719999
66.0699999332		15.190922155680001
66.4500000477		14.45978947368
66.8299999237		13.900962711870001
67.2300000191		13.974175895760002
67.6099998951		14.32334693877
68.0099999905		14.37615584415
68.3499999046		14.703047619060001
68.7599999905		15.720380952389998
69.1099998951		15.69100371747
69.4900000095		15.15298939929
69.8499999046		15.03829602888
70.2200000286		15.15310948905
70.6099998951		15.00776237625
70.9800000191		15.020608695659998
71.3499999046		14.087568345329998
71.7899999619		12.36591501417
72.2400000095		12.410066666670001
72.620000124		13.78581818181
73.0099999905		13.85444295303
73.4100000858		13.394400000000001
73.7999999523		12.870336633660001
74.2699999809		12.8114920635
74.6800000668		13.34762264151
75.0199999809		13.43010612246
75.2100000381		13.548118811880002
75.8800001144		11.37881781378
76.2699999809		13.8921342282
76.6900000572		13.452036474149999
76.8900001049		13.763555555549999
77.0499999523		13.31323076922
77.2899999619		13.50289655172
78.4900000095		13.58616393444
78.9800000191		13.09086567165
79.3199999332		13.040453441310001
79.7899999619		12.99371428572
80.1800000668		13.06974834438
80.7400000095		11.76774522294
81.1099998951		11.89095652173
81.5		12.02928
81.9700000286		12.29822222223
82.4200000763		12.99912605043
82.8299999237		14.14175700936
83.1800000668		14.10491954022
83.6700000763		11.706194513729999
84.1300001144		11.682
84.5399999619		14.09892923076
84.8800001144		14.76476190477
85.2799999714		14.80345514949
85.6500000954		14.070405693960002
86.0499999523		13.89228387096
86.3800001144		13.10858091285
86.8599998951		12.10209137055
87.1800000668		12.135263157899999
87.5099999905		14.68204958679
87.8900001049		15.060248275860001
88.2999999523		15.10028840124
88.6700000763		15.56172262773
89.0299999714		15.54417582417
89.2899999619		15.64128571428
89.7699999809		12.34699746834
90.25		12.3346840731
90.5899999142		15.38323809525
90.9100000858		15.422644067790001
91.2899999619		15.26308013937
91.6800000668		14.011135135139998
92.1400001049		13.97732231406
92.5099999905		14.51070422535
92.8800001144		14.54178723405
93.2699999809		14.641883959050002
93.6500000954		14.226567567570001
94.0499999523		14.237479099680002
94.4000000954		14.4733125
94.8299999237		14.78185074627
95.2000000477		14.810105263169998
95.5799999237		14.73641237112
95.9600000381		14.66763380283
96.3299999237		14.8284
96.7200000286		14.95839473685
97.0899999142		15.07522909092
97.5699999332		10.09367010309
98.2000000477		8.02420588236
98.6300001144		13.2570445104
99.0199999809		13.18643478261
99.4000000954		14.1877113402
99.7599999905		15.72827272728
100.099999905		15.7246451613
100.50999999		14.76446341464
100.900000095		14.339675675670001
101.210000038		14.495048458140001
101.390000105		15.036923076930002
101.859999895		14.989695999990001
102.230000019		14.94532851987
102.660000086		13.093846153860001
102.859999895		13.272000000000002
103.029999971		12.980400000000001
103.269999981		13.14040268457
104.460000038		13.88976536313
104.970000029		12.529828571429999
105.309999943		12.63134117646
105.769999981		13.23887870619
106.160000086		13.24518120804
106.630000114		14.740978723409999
106.940000057		14.98586301369
