0.0		6.3510013140599995
1.01999998093		6.2574649227
1.61999988556		6.41631872511
2.44000005722		6.682481632650001
3.16000008583		6.285133757970001
3.99000000954		7.88422190613
4.46000003815		9.376868571420001
4.95000004768		9.96901657458
5.50999999046		9.7457610063
6.08999991417		9.50960655738
6.63999986649		9.84708026031
7.09999990463		10.03101907356
7.63999986649		10.57248648648
8.11999988556		10.84757142858
8.72000002861		9.01998425196
9.25		8.47544419134
9.82999992371		9.18729896907
10.3399999142		9.30302117646
10.9600000381		8.1719316888
11.4400000572		8.10043076922
12.129999876		7.8553937397
12.5999999046		7.49821138212
13.1700000763		7.3108148148
14.0999999046		5.25568231047
15.9500000477		2.749424657535
16.6600000858		6.84416051364
17.2799999714		8.08297142856
17.6800000668		8.263320754710001
18.3599998951		8.26621016949
18.9700000286		9.19101945525
19.4800000191		9.14286792453
20.0299999714		8.01705726873
20.6700000763		7.96455272727
21.2899999619		7.89961142856
21.8899998665		10.06700000001
22.3599998951		10.59393316194
22.8699998856		9.85765384614
23.3999998569		9.88495852536
23.9100000858		9.931754716979999
24.4500000477		9.97264864866
25.0199999809		7.7676477987300006
25.75		7.737375
26.3699998856		7.8455018587500005
27.0799999237		6.995588907
27.7599999905		7.0964361158400004
28.3999998569		7.57655474454
29.0999999046		7.40611074918
29.7300000191		7.60676697249
30.3099999428		8.09161983471
30.9500000477		7.83692639139
31.6099998951		7.86553521126
32.1199998856		9.47775
32.6499998569		9.404610478350001
33.1900000572		9.14595594714
33.6900000572		9.60520197045
34.2200000286		10.95643438914
34.7300000191		10.17876258993
35.2000000477		8.6361574803
35.4500000477		8.66050632912
36.2400000095		7.950687411600001
36.8899998665		7.48617721518
37.6099998951		7.06984025559
37.9100000858		6.91378604652
38.1600000858		6.83178947367
38.5399999619		6.84587412588
40.2000000477		7.74538317756
41.0		7.4120112676200005
41.5499999523		7.0481225382899995
42.3299999237		7.107994211279999
43.0		6.900461538450001
43.9100000858		6.77580440097
44.4800000191		6.8659079497799995
45.1800000668		5.95508910891
46.0599999428		5.88446582277
46.8999998569		6.2291114094
47.629999876		7.05988180404
48.3399999142		5.9859902439
49.3599998951		5.0583879310199995
50.2200000286		5.60982585753
51.0399999619		6.242713896450001
51.7300000191		6.285
52.5199999809		6.439075144499999
53.1900000572		6.80513597247
53.9300000668		6.64599999999
54.5799999237		5.61131083482
55.4900000095		5.8794377312099995
56.0499999523		5.89944562899
56.75		5.84384210526
57.8499999046		4.36310889111
59.2799999714		3.59477014926
61.0699999332		2.521532820816
62.3599998951		3.53630000001
63.4800000191		2.553679300293
66.9700000286		1.486909756098
67.4100000858		13.459213675200001
67.7899999619		13.507233449490002
68.5499999523		5.3683539822899995
70.0299999714		3.17888534106
72.6099998951		1.666919614149
76.2400000095		1.4414113636349999
78.1900000572		2.226385737438
79.5099999905		3.3421222494
80.9900000095		3.0975249097499997
82.4700000286		3.0165214899599997
83.8399999142		3.46467605634
85.0399999619		3.3470352303599995
87.2999999523		2.29361741547
88.7200000286		3.17359398495
90.2899999619		2.919194009529
91.6600000858		3.26970800628
93.1199998856		3.0574020618599995
94.75		2.964375488919
96.1499998569		3.17677241379
97.2799999714		3.78390724638
99.5299999714		2.030310697674
101.450000048		2.450698848054
102.74000001		3.26927363184
104.119999886		3.22800938232
106.019999981		2.29280176698
108.079999924		1.991681307456
110.690000057		1.931688871161
112.700000048		2.2199497907940002
113.889999866		2.975023508136
114.460000038		2.9301070663799997
116.460000038		2.953828691541
117.879999876		3.09869461077
119.230000019		3.5405759999999997
119.730000019		3.70689276807
120.109999895		3.6308811188700005
120.769999981		3.50254025046
123.839999914		3.1097786116200004
125.410000086		3.5799510204000002
126.629999876		2.840380952382
128.190000057		3.36182340861
129.529999971		3.19600323888
131.339999914		3.2280768782700004
132.639999866		2.74177443609
133.769999981		3.4800231436800004
135.309999943		3.2282833333200003
136.789999962		3.34343515851
138.410000086		2.9767239344250003
139.539999962		3.5500327868999997
141.00999999		3.40899346404
142.639999866		2.762994152046
144.039999962		3.54930441519
145.200000048		3.46758620691
147.029999971		2.578611111111
148.789999962		2.361878136201
150.619999886		2.485059434508
152.049999952		2.343596439168
154.039999962		2.52822057264
155.170000076		2.6604230769240003
156.539999962		2.771494539783
157.940000057		3.34415926494
159.160000086		4.29321925134
160.160000086		4.71150497238
161.269999981		4.1522113503
162.029999971		3.92199402984
163.559999943		3.4033942777499995
165.049999952		3.40359077811
166.220000029		3.6162089552100003
167.339999914		3.53716618077
168.649999857		3.60832289952
169.980000019		3.33652131939
171.690000057		3.16122616821
173.129999876		3.06169390788
174.480000019		3.25717553613
175.720000029		3.77315039577
177.049999952		3.3796661316300005
178.579999924		3.0920782122899997
179.970000029		2.878918414917
181.819999933		2.823215507412
183.319999933		3.0084675694800005
184.639999866		3.4892563059299997
186.190000057		2.860994505495
187.789999962		2.767968
190.180000067		1.990088402625
192.339999914		2.015404958679
194.420000076		1.9890015236160001
196.529999971		2.168488822653
198.690000057		2.172968871594
200.639999866		2.124323275863
202.309999943		2.63473133376
203.960000038		2.66000256246
205.470000029		2.763793054572
207.549999952		2.431096385541
209.349999905		2.50859574468
211.049999952		2.061639097743
211.829999924		2.018230088496
214.359999895		2.4229034482769998
217.049999952		1.594705701078
219.359999895		1.9944659756639997
220.379999876		1.608727272726
220.940000057		2.2428336933060002
221.960000038		2.091794871795
228.309999943		1.210746530313
235.519999981		0.7413055359899999
240.470000029		0.694328950206
247.899999857		0.673101822666
253.00999999		0.8161836228300001
258.920000076		0.957107235366
264.170000076		0.654156667332
267.420000076		1.1533346116980001
270.430000067		1.5964038461549999
273.779999971		1.4235239263800001
277.569999933		1.231887109905
282.279999971		0.800474885844
286.799999952		1.064923774956
292.329999924		0.7858525226399999
295.269999981		1.731727891155
296.299999952		3.98364025695
297.019999981		7.129344
297.50999999		9.85981047381
298.0		10.712955223889999
298.369999886		11.529810218969999
298.839999914		12.25764524421
299.160000086		12.297066666660001
299.589999914		10.38905263158
300.099999905		10.39874285715
300.609999895		11.49640095465
301.059999943		11.68195068492
301.470000029		13.261125
301.75		13.903365079380002
302.190000057		13.89476923077
302.670000076		12.2706077922
303.069999933		12.26764556961
303.470000029		11.81735064936
303.940000057		11.55805804749
304.379999876		11.682523943669999
304.899999857		12.0804
305.329999924		12.014693877540001
305.769999981		11.64995454546
306.230000019		11.72150819673
306.75		9.70291244241
307.299999952		9.731551648349999
307.710000038		11.54257943925
308.230000019		11.489373549869999
308.649999857		12.829422492389998
309.079999924		12.76278571428
309.5		12.700024390230002
309.910000086		12.89426086956
310.50999999		8.898927592949999
311.24000001		6.5389400631
311.839999914		7.770523809509999
312.519999981		7.29961204014
313.269999981		6.800036529689999
314.029999971		5.92003603605
314.819999933		5.86452272727
315.559999943		6.508250783699999
316.190000057		7.14232967034
316.920000076		7.6143773584800005
