0.0		4.15334746491
1.38999986649		4.3456052848799995
2.45000004768		3.49727687295
3.78999996185		4.93630552764
4.48000001907		6.5894223706199995
5.57999992371		5.51503283583
6.14999985695		6.92384810127
6.92999982834		5.1999769452299995
8.13999986649		4.150650000000001
9.05999994278		5.64560583942
10.0099999905		5.31557845434
10.7200000286		5.8714258373099995
11.6900000572		5.36478171429
12.3999998569		6.9030000000000005
13.1099998951		7.4871764706
13.6699998379		7.899617834399999
14.2699999809		8.68584795321
14.8299999237		8.48451502146
15.4800000191		7.69037142858
16.0299999714		6.97388079471
16.8099999428		6.89049710982
17.2000000477		9.01250814333
17.6900000572		8.995078481010001
18.4400000572		6.56762706768
19.3499999046		5.91768058968
20.1199998856		6.27045882354
20.9900000095		5.48972833119
21.9700000286		2.972552036199
22.8499999046		6.1579090909200005
23.8299999237		5.35015175538
24.4900000095		6.849074204940001
25.1799998283		6.06624
26.0999999046		5.30970181818
27.0199999809		5.03312621358
28.0499999523		5.38616560509
28.9800000191		4.87697041419
29.7799999714		5.82497727273
31.0999999046		3.5106972176699998
32.1499998569		4.4233865546099995
33.3299999237		4.0772154696000005
34.2699999809		4.39000947867
35.2200000286		5.75804651163
36.0		6.10836468885
36.9199998379		5.21690510949
38.2400000095		3.39495354522
39.4099998474		3.88032897195
40.5899999142		4.19497416975
41.5299999714		4.85443559718
42.4099998474		5.00171647509
43.4400000572		4.643795744669999
44.4600000381		4.75785303513
45.3399999142		5.06779434447
46.1799998283		5.48290039842
46.8599998951		7.0139594594700005
47.4700000286		7.44219847329
48.1599998474		8.180310810809999
48.6699998379		10.03438297872
50.0199999809		2.607270998415
50.2599999905		9.18362416107
50.9600000381		9.15494462541
51.7200000286		6.142219584569999
52.7100000381		4.92293659623
53.1099998951		4.87365245901
53.379999876		5.73719337018
53.8199999332		5.7755752212300004
55.7400000095		5.86383962265
56.6799998283		6.16943493552
57.2999999523		6.1942153846200005
58.2200000286		5.946276029070001
58.9800000191		5.85617804154
61.75		2.0751059528280003
62.4299998283		5.68787521665
62.8999998569		9.397874999999999
63.7400000095		6.2566998654
64.5599999428		6.31386122448
65.3499999046		6.48500571429
66.0699999332		5.85275675676
67.2000000477		4.5752280701700005
67.8999998569		6.925485342029999
68.6099998951		7.43855844156
69.1900000572		7.4863581489
70.1399998665		5.22985915494
70.8499999046		6.39770873787
71.6799998283		5.78068187919
72.3599998951		5.3818875638699994
73.3399999142		5.43077904327
73.7999999523		7.477945945949999
74.3999998569		6.939562500000001
75.1900000572		6.311375722529999
75.9199998379		7.55014420062
76.7300000191		5.91388626906
77.5199999809		6.10584172662
77.9700000286		7.29926666667
78.9700000286		6.01364241678
79.7400000095		6.906701754389999
80.3899998665		6.9974296029000005
81.0399999619		6.464909413859999
81.7200000286		7.48804102563
82.3299999237		7.94501149425
82.9700000286		9.39586666668
83.6199998856		7.24260105447
84.3899998665		6.120573134339999
85.0999999046		6.94186407768
86.3399999142		3.65226712923
86.9099998474		9.341468354429999
87.4600000381		8.019844155840001
88.4600000381		5.43569703621
89.2300000191		6.17087719299
90.0199999809		6.170210071950001
90.7899999619		6.12589411764
91.5499999523		6.22481559219
92.3499999046		6.40472112675
93.1599998474		5.79816503496
93.7999999523		7.06921299639
94.5		7.1209918434
95.2999999523		6.35508392604
95.879999876		7.933086519120001
96.5599999428		7.05747692307
97.4600000381		5.17738653366
98.2200000286		5.80314285714
98.9900000095		7.163822485200001
99.6099998951		7.87484972172
100.079999924		8.774336000009999
100.329999924		8.77153846155
101.279999971		6.5286132404099995
102.109999895		5.6248043478300005
102.839999914		6.89364485982
103.129999876		7.70188601037
103.359999895		7.52486956521
103.779999971		5.87963963964
105.789999962		5.53118576196
106.849999905		5.476095733619999
107.480000019		5.9209411764599995
108.5		5.32136944746
109.179999828		6.701297113740001
110.429999828		4.79464359861
111.440000057		3.6184167585300004
112.139999866		5.87749837134
112.879999876		7.196173374599999
113.539999962		8.08482229965
114.309999943		6.69543362832
114.869999886		7.88304925053
115.529999971		8.323021276590001
116.019999981		10.684040201010001
116.539999962		10.48547368422
117.329999924		5.37676300578
118.00999999		7.565093378609999
118.599999905		7.84480952382
119.5		5.34982360248
120.159999847		5.61131083482
121.119999886		5.48071724139
121.75999999		5.00332730562
122.669999838		4.37568472905
123.419999838		6.53813173653
124.480000019		4.99687966806
125.25999999		6.23378947368
126.00999999		6.458995433790001
126.49000001		6.686351145030001
127.00999999		11.50250943396
127.5		11.899707808559999
128.210000038		6.282943273919999
128.980000019		5.35256470587
129.849999905		5.65226322582
130.450000048		8.1001875
131.339999914		6.326394014970001
132.099999905		6.20638554216
132.839999914		6.289546012260001
133.579999924		6.57986503068
134.309999943		6.590084507039999
135.089999914		6.42649637154
135.789999962		6.1242446280900005
136.849999905		5.10507216495
137.879999876		4.51914346896
138.879999876		4.72279295154
139.769999981		5.22006015039
140.789999962		4.45966917294
142.029999971		4.00647753303
143.00999999		4.64242777155
143.859999895		5.180349206340001
144.710000038		5.7360946123500005
145.829999924		4.35440935674
146.720000029		4.8856802973899995
147.659999847		4.86292579506
148.569999933		5.132588380710001
149.519999981		4.53982770663
150.679999828		4.5344044943699995
151.649999857		4.845369863009999
152.539999962		4.13363819094
152.950000048		4.24956521739
154.440000057		4.30408575804
155.559999943		4.05868235295
157.109999895		3.0438239339699997
157.529999971		4.51812765957
157.859999895		4.40013559323
158.569999933		3.20445171849
161.5		3.2542774868999995
163.50999999		2.74949216301
165.609999895		1.6040796812759999
169.980000019		1.152692795118
171.710000038		2.439470951793
172.789999962		5.64995718654
173.399999857		6.335722007729999
174.079999924		6.1900240137299996
175.039999962		5.35567741935
176.089999914		4.85427615063
176.909999847		6.24415955982
177.629999876		5.8902144
178.529999971		5.76681081081
179.299999952		6.26251546392
180.049999952		7.060326656400001
180.559999943		8.83781472684
181.190000057		8.25155555556
181.869999886		6.747071672340001
182.519999981		7.67666310159
183.00999999		7.878224438909999
183.919999838		5.886696296309999
184.389999866		7.28115789474
184.950000048		7.5436433121
185.559999943		8.54691193737
186.200000048		8.8874391144
186.720000029		9.75723569793
187.269999981		9.3676821192
187.659999847		8.788414715730001
188.299999952		8.85129582576
188.899999857		9.20893567251
189.409999847		9.16448226951
189.899999857		9.23792893401
190.460000038		9.32022127659
190.99000001		9.42567272727
191.599999905		9.77604624276
192.109999895		9.882589928069999
192.609999895		9.83401438848
193.139999866		9.88495852536
193.679999828		9.42072483222
194.230000019		9.62577391305
194.659999847		10.8338245614
195.24000001		10.18913580246
195.909999847		7.302560553629999
196.450000048		9.42482637363
196.940000057		10.681046153850001
197.399999857		11.10147593583
197.899999857		11.25582178218
198.329999924		12.157442815259998
198.710000038		13.598416666680002
199.119999886		13.514452012379998
199.649999857		10.2468440367
200.119999886		10.21436269431
200.879999876		6.2365921450199995
201.460000038		8.38841212122
201.929999828		10.53976216215
202.460000038		10.95643438914
202.919999838		11.50282926828
203.279999971		11.87861371842
203.480000019		13.285048543679999
203.99000001		13.164252927389999
204.389999866		13.44109090908
204.799999952		13.830375
205.0		14.02324528302
205.159999847		13.663578947369999
205.480000019		8.7799103139
206.940000057		9.90545019921
207.49000001		11.56599560439
207.819999933		13.365112033199999
208.279999971		13.23887870619
208.690000057		12.14481230769
209.24000001		12.15484210527
