0.0		12.113062656630001
0.549999952316		14.378491803270002
0.879999876022		13.476953974890002
1.34999990463		12.99371428572
1.74000000954		12.8568859935
2.26999998093		12.800480369519999
2.6099998951		12.87021176472
2.99000000954		12.44408275863
3.44999980927		12.564129729720001
3.9399998188		11.68939042821
4.4399998188		10.99153510896
4.86999988556		11.12200604229
5.36999988556		11.73546
5.82999992371		12.11466666666
6.27999997139		12.98060056656
6.65999984741		12.91916666667
7.09999990463		12.622776203970002
7.5		12.672384615390001
7.91999983788		13.210453987740001
8.24000000954		13.61710344828
8.67999982834		13.66253295129
8.96999979019		13.8342
9.31999993324		13.718362934369999
9.73000001907		13.821113924039999
10.1699998379		13.530876404490002
10.5799999237		13.53622857144
10.9800000191		13.688903225819999
11.2599999905		13.83018947367
11.6999998093		13.777016949150001
12.2799999714		9.700583162220001
12.7699999809		9.789333333330001
13.2199997902		9.9446557377
13.75		10.001150684939999
14.1599998474		13.16601904761
14.6399998665		13.04310539847
15.0499999523		12.838130841120002
15.4599997997		12.775028037390001
15.9199998379		11.78591208792
16.3899998665		10.797600000000001
16.879999876		11.04203491272
17.2899999619		11.68822712934
17.7999999523		11.706666666659999
18.2300000191		12.67531531533
18.6599998474		12.575648093849999
19.1099998951		11.50720441989
19.5599999428		11.5653259053
20.0999999046		10.038304635749999
20.6199998856		9.754560000000001
21.0599999428		11.03195492958
21.5399999619		11.2504329897
22.0599999428		10.438373831789999
22.5399999619		10.21436269431
23.0499999523		9.64631775702
23.5799999237		9.41556462585
24.0		11.85322796352
24.4800000191		12.644240208870002
24.9399998188		11.59711475409
25.3299999237		10.8952847682
25.5399999619		11.03516129031
26.1999998093		9.913820105820001
26.7199997902		9.69521311476
27.2599999905		9.79141592919
27.5		9.90975999999
27.6999998093		9.704971962630001
27.9900000095		10.09237113402
29.3999998569		9.88575745527
30.0199999809		9.818149253729999
30.4399998188		9.91074461538
30.9900000095		10.79477802198
31.4199998379		11.64325663716
31.9599997997		12.28959645234
32.2999999523		13.075314741029999
32.6699998379		13.028101083030002
33.1099998951		13.058224719090001
33.5599999428		12.99912605043
34.0799999237		10.459686635939999
34.5499999523		9.73911111111
35.0999999046		10.38536283186
35.5899999142		10.684040201010001
36.4699997902		5.79285967131
37.6099998951		3.55369627506
39.3399999142		2.726952264381
40.6699998379		3.22757877552
42.7999999523		2.128822540782
44.5899999142		1.873765124556
48.9299998283		1.1243159632170001
50.7300000191		1.6342823390430001
52.4699997902		2.163858708891
54.8899998665		1.874451502146
57.1899998188		2.1905375170530004
58.0299999714		5.66256573705
58.6599998474		7.82944649445
59.0199999809		9.5207826087
59.7599999905		8.72462254026
60.3199999332		10.07288699361
60.7999999523		10.121608355100001
61.25		9.97190136987
61.7899999619		9.88827088035
62.3199999332		9.31976629212
62.9599997997		9.30966605505
63.4900000095		9.38733485193
64.0299999714		8.95367685591
64.6099998951		8.73741751527
65.1999998093		8.50719999999
65.8099999428		8.450106870239999
66.379999876		7.816810126589999
67.0999999046		7.872686804460001
67.7199997902		7.94892655368
68.4399998188		6.80681904762
69.0299999714		8.29802390439
69.5399999619		9.980653846140001
70.0599999428		10.52627777778
70.5299999714		10.96742857143
71.0		10.44358400001
71.5299999714		9.98894279175
72.0899999142		9.3660880503
72.6199998856		9.06377931033
73.2199997902		7.985733075450001
73.8499999046		7.68937777779
74.4599997997		7.528401544409999
75.0799999237		9.06880898877
75.5899999142		10.37785819071
76.0599999428		8.6361574803
76.3199999332		7.955581395359999
77.1899998188		7.20658461537
77.9299998283		6.3788228043
78.7799999714		5.78525490195
79.1499998569		5.327827956989999
79.4499998093		5.19216
79.9399998188		4.9442424242400005
82.4900000095		3.87269158878
83.8099999428		4.31354754099
84.4599997997		5.70087079647
85.4399998188		5.56242808608
86.1399998665		6.54571144278
87.0099999905		7.060647133769999
87.6199998856		6.39747368421
88.1699998379		7.811220779219999
88.8199999332		8.36102158272
89.3099999428		11.40218181819
89.7999999523		11.348759999999999
90.2999999523		9.045169533180001
90.9199998379		8.873693761799998
91.5499999523		7.918525139670001
92.2599999905		7.43855844156
92.8599998951		7.382380952369999
93.4900000095		8.282230483260001
94.1499998569		6.924315236430001
94.9499998093		6.057113924039999
95.5199999809		6.5679168399300005
96.3399999142		6.55876753782
96.8499999046		6.510211764720001
97.5099999905		6.233431578959999
98.3199999332		6.091313807520001
99.129999876		6.74648739495
99.7699999809		7.6551382405799995
100.399999857		7.961651031900001
100.819999933		8.01139024389
101.579999924		7.2467518573500005
102.2099998		8.89676836158
102.699999809		9.619295285369999
103.139999866		10.3108895184
103.659999847		10.35580141845
104.309999943		7.4457737881499995
105.179999828		6.488194373400001
105.939999819		6.087208271789999
106.639999866		6.83463999999
107.909999847		3.63257578323
108.439999819		9.46306516854
108.96999979		10.29733953489
109.359999895		12.148091803289999
109.859999895		12.07785365853
110.289999962		12.30577259475
110.730000019		12.28738108884
111.230000019		10.18486063569
111.730000019		10.37988
112.299999952		9.47364999999
112.829999924		9.46504109589
113.24000001		12.12490402476
113.689999819		12.091878116340002
114.169999838		11.45544615384
114.609999895		11.461465116269999
115.039999962		11.93243930637
115.46999979		12.24856637169
115.889999866		11.96230674846
116.429999828		10.6433934066
116.909999847		10.93954639176
117.25999999		12.65529230769
117.4599998		12.66999999999
118.179999828		10.390269870600001
118.609999895		12.140340175949998
119.069999933		11.89709677419
119.279999971		12.08507317074
119.4599998		11.80036363635
119.71999979		12.01177914111
121.069999933		11.0011858407
121.629999876		11.102379746850001
122.00999999		11.22296864112
122.539999962		11.23941418764
122.980000019		11.2451965812
123.559999943		11.265463414620001
123.939999819		11.239397260259999
124.349999905		11.38417665615
124.839999914		11.50675247526
125.369999886		10.49929411764
125.899999857		10.41170642202
126.339999914		10.42884985836
126.879999876		10.454752783950001
127.359999895		11.0448
127.869999886		10.93592362767
128.269999981		11.81180952381
128.74000001		11.78793650793
129.189999819		11.04408938547
129.669999838		10.98624489795
130.039999962		11.40493862817
130.529999971		11.71553808354
130.859999895		11.67443037975
131.269999981		11.27954285715
131.74000001		11.28545736435
132.279999971		10.776268456379999
132.769999981		10.82211167514
133.21999979		11.69024793387
133.529999971		11.89020814479
134.029999971		11.83753398057
134.519999981		12.020824427489998
134.929999828		12.1143
135.309999943		12.338115254249999
135.75999999		12.27031932774
136.2099998		11.61707563026
136.74000001		11.58394520547
137.189999819		11.29052054796
137.639999866		11.265890109899999
138.109999895		11.50153351206
138.559999943		11.632773480660001
139.049999952		11.18145454545
139.480000019		10.77083720931
140.019999981		11.10295964127
140.4599998		11.85640449438
140.919999838		11.71665573771
141.359999895		11.86782905982
141.789999962		11.96527953891
142.269999981		11.750263565880001
142.71999979		11.71098305085
143.129999876		12.08748148149
143.579999924		12.15924233982
144.059999943		11.48489460153
144.50999999		10.891558011059999
144.96999979		11.188682926830001
145.399999857		11.96617867434
145.819999933		11.96230674846
146.319999933		11.95739259258
146.75999999		11.99023728813
147.139999866		11.626770318030001
147.339999914		11.59627118643
147.919999838		11.5661234568
148.379999876		11.1888
148.869999886		11.11989949749
149.149999857		8.03494054053
149.369999886		7.926961832070001
149.699999809		7.95902439024
151.139999866		9.1744206642
151.949999809		7.29892926492
152.409999847		8.63536729224
153.089999914		8.33892020373
153.669999838		8.07170552148
154.75999999		5.5537154308500005
