0.0		3.65222569269
2.13000011444		2.7126432989700002
4.21000003815		2.005599003735
6.46000003815		2.601495762711
7.77999997139		3.2566534653600003
9.50999999046		3.3775795246800002
10.6500000954		3.1466001917399997
11.9000000954		3.09766866954
13.3400001526		3.4511714922000003
14.7899999619		3.4400948850899997
16.0800001621		3.80192964825
17.6300001144		2.530160824743
19.2999999523		2.976654407103
20.4700000286		3.9227380073700004
21.8300001621		3.6395170770600003
22.8099999428		4.199458239269999
23.9300000668		4.3093230174
25.3199999332		3.0507592592700004
27.0099999905		2.700067711599
27.9500000477		3.7123008225600005
29.5800001621		3.11852452584
30.3300001621		4.1669277108300005
31.2400000095		4.3542352941299995
32.1800000668		5.18086832739
33.1700000763		5.39416797312
34.0699999332		5.32989
35.1000001431		4.51442553192
35.6800000668		5.30855757576
36.6100001335		5.80602857142
37.4400000572		6.50714049588
38.0800001621		6.959741472179999
38.7899999619		5.89909886547
39.6600000858		5.60166751917
40.4500000477		5.950209469140001
41.2899999619		6.783112299479999
42.0		6.668349514560001
42.7999999523		5.80847592069
43.620000124		5.86075409835
44.4500000477		5.76858082191
45.4000000954		5.11890867051
46.1400001049		5.73555417957
47.1600000858		5.32464516129
47.9300000668		6.25315555557
48.8300001621		5.3337014925299995
49.8199999332		4.58262706272
50.7200000286		5.15770434783
51.5199999809		6.52417790532
52.120000124		8.00325868725
52.75		7.3202691588899995
53.4500000477		7.191380560140001
54.1800000668		7.02456603774
54.7599999905		7.99745233266
55.4100000858		7.34630604981
56.2200000286		5.75105817174
56.8099999428		7.8307469879400005
57.5199999809		7.8872052117299996
58.1400001049		7.9934915254200005
58.8500001431		5.33286223662
59.2000000477		5.30372093022
60.1700000763		6.35156610168
60.9100000858		6.43834525662
61.8800001144		5.012140430340001
62.2999999523		4.54576146789
62.6000001431		5.04093203883
63.0800001621		5.07233160621
65.8199999332		3.36209330628
69.0800001621		1.658011342155
70.7799999714		2.014378986867
71.8500001431		5.03756307693
72.5800001621		6.225652996859999
73.5900001526		5.9984935065
74.2699999809		5.5909778535
74.9800000191		5.83002261711
77.1600000858		2.2285369127520003
78.9800000191		2.6949407665500003
80.2999999523		3.6996772616099998
81.5900001526		3.07294156929
83.2200000286		3.04817142858
84.4700000286		3.65942168676
85.6600000858		4.21153676472
86.3900001049		5.9247133758
87.3500001431		5.104054982819999
88.3500001431		4.38821753607
89.2400000095		5.4171169811399995
90.0199999809		4.59181395348
91.1400001049		4.6747294117500005
91.6800000668		6.1485333333300005
92.3900001049		5.86312871286
93.6600000858		3.70124745762
94.9500000477		3.99418905474
96.4900000095		2.9631077136900004
98.5699999332		2.137813602015
101.380000114		0.97540311804
102.190000057		7.741371428579999
102.690000057		11.60733169533
103.110000134		11.78290577508
103.5		12.17305685619
103.940000057		12.409359773370001
104.370000124		12.45434234235
104.850000143		12.84498227847
105.25999999		12.959245283009999
105.690000057		12.0967079646
106.140000105		12.15317847024
106.569999933		12.1707052023
107.019999981		12.19795041321
107.410000086		12.43344966444
107.900000095		12.632448979589999
108.319999933		12.79054545456
108.680000067		15.941620817849998
109.029999971		15.778818181830001
109.410000086		14.416500000000001
109.880000114		11.872981723230001
110.319999933		11.9472276657
110.680000067		14.45145387453
111.069999933		14.45419867551
111.480000019		13.74653538462
111.870000124		13.230684563759999
112.269999981		13.31814193548
112.680000067		13.22377070064
113.059999943		13.130343434339999
113.50999999		13.56510924369
113.900000095		13.82587622151
114.230000019		13.942271186429998
114.420000076		13.285048543679999
114.930000067		13.257396226410002
115.370000124		11.89613793102
116.150000095		6.43273255815
116.450000048		7.112267942579999
116.680000067		7.3647659574599995
117.039999962		7.36060150377
118.600000143		8.428027118640001
119.340000153		8.1211851852
119.660000086		13.88358620691
120.100000143		13.91394900849
120.480000019		13.898112676050001
120.970000029		13.8912481203
121.299999952		13.84769620254
121.650000095		13.566857142869999
122.080000162		13.6326334311
122.519999981		13.490372093009999
122.950000048		13.39086725664
123.309999943		13.338347826089999
123.75		13.765935483869999
124.140000105		13.806000000000001
124.600000143		12.58832967033
124.99000001		12.3611960133
125.430000067		12.87815028903
125.799999952		13.97096819787
126.210000038		13.89228387096
126.519999981		14.294877828059999
126.940000057		14.449163636369999
127.220000029		14.41062500001
127.640000105		10.832487804869999
128.130000114		10.83739950372
128.910000086		6.95092640694
129.640000105		6.6832476489
130.330000162		7.120067114099999
130.680000067		9.87870676692
131.269999981		9.83279032257
131.960000038		7.84748172756
132.640000105		6.64935849057
133.390000105		5.5568610687
134.299999952		5.3814545454600005
135.0		6.810009852209999
136.120000124		4.93077551019
136.890000105		6.087208271789999
137.630000114		6.32837037036
138.400000095		6.2904281524800005
139.080000162		7.19840000001
139.970000029		5.59779519594
140.75999999		5.32351724139
141.789999962		5.240126984130001
142.700000048		5.18535626535
143.590000153		5.4351026616
144.390000105		5.88362711865
145.029999971		7.59040585008
145.900000095		5.83742233632
146.720000029		5.71031404959
147.430000067		6.256140575070001
148.160000086		6.874280314949999
149.090000153		5.31860000001
149.850000143		5.86717857144
150.700000048		5.38984856397
151.660000086		4.8058611111000005
152.549999952		4.87464
153.910000086		3.8403996827999998
154.930000067		4.55423175966
155.720000029		4.70053714287
156.120000124		4.44272727273
157.400000095		5.17123827048
158.170000076		6.052421052630001
159.309999943		4.2391954023
159.700000048		5.02183783785
160.0		4.89826415094
160.480000019		5.07233160621
162.370000124		6.76535510205
163.5		5.069872832370001
164.160000086		5.68076190477
165.029999971		6.280849104870001
165.860000134		5.37015510204
167.039999962		5.08496146788
167.74000001		5.43361589403
168.519999981		5.31485125185
169.610000134		4.65338138139
170.870000124		3.98000686107
172.319999933		3.36758456973
173.170000076		4.89545744682
174.440000057		3.9848760611099996
175.230000019		6.0920458452599995
176.140000105		5.55412363635
176.890000105		5.69788667688
177.809999943		5.36202166065
178.660000086		5.27171199999
179.559999943		5.27770588236
180.400000095		4.2923478261
181.549999952		4.48141353384
182.220000029		4.86263620386
183.110000134		4.4468785982400005
184.410000086		3.6365295587100004
185.779999971		3.74863190661
187.110000134		3.46659512196
188.200000048		4.2308673978
189.140000105		3.1319856972599998
190.870000124		2.968389531345
192.769999981		2.6057275234410002
194.75		2.056538992041
196.49000001		2.226143119266
197.75999999		3.7344450127799997
198.850000143		4.13077290837
200.00999999		4.75517150889
201.420000076		3.14823529413
202.710000038		3.4003184079600004
204.090000153		3.35161875
205.519999981		3.1567196401799995
206.779999971		3.8040000000000003
207.779999971		4.10317607973
210.160000086		2.158639930254
212.25999999		2.1030792227190003
213.380000114		4.17555598833
215.00999999		2.722619607843
216.120000124		4.0665543584699995
216.789999962		7.813319587620001
217.319999933		9.59649999999
218.059999943		5.96094977169
218.779999971		6.995461538459999
219.49000001		7.25263636365
220.559999943		4.0273176711000005
221.670000076		4.09179781962
222.640000105		4.75087414188
223.400000095		5.80314285714
224.080000162		8.20804067796
224.680000067		8.40503762376
225.150000095		8.751
225.390000105		8.71566878982
226.230000019		7.55529032259
227.019999981		5.9310257879699995
227.970000029		5.200611045840001
228.360000134		5.00492929293
228.630000114		5.58296774193
229.069999933		5.67513043479
234.850000143		3.1678689097799997
236.519999981		3.5726598777899996
237.279999971		4.80028614009
238.390000105		4.83903842364
239.519999981		3.83210097087
241.069999933		3.8357148789
