0.0		6.1936505766900005
0.97000002861		6.695328244260001
1.5		7.37069107551
2.32999992371		6.57513253011
3.16000008583		5.41435390947
4.33999991417		5.433929411759999
5.18000006676		5.11997503899
5.83999991417		6.37594346289
6.69000005722		6.092697247709999
7.53999996185		6.195845126850001
8.38999986649		5.9573543307
9.09999990463		5.96658670989
9.57999992371		12.320692913400002
10.0099999905		12.39722448981
10.4500000477		13.129375358159999
10.8199999332		13.1940425532
11.2400000095		13.58487804879
11.5999999046		14.919939622650002
11.9800000191		14.79934020618
12.2999999523		13.73551304349
12.7599999905		12.783442359240002
13.0699999332		12.929158878509998
13.4700000286		11.31546496815
13.9600000381		11.02896969696
14.4900000095		10.94770909092
14.9700000286		10.8773265306
15.4400000572		11.46908108109
15.7300000191		12.756
16.2000000477		12.800692913399999
16.7100000381		11.24805714285
17.1499998569		11.075931428579999
17.5499999523		12.052132450319998
17.9800000191		12.808491228060001
18.3899998665		12.87980124225
18.8599998951		13.28211518325
19.2599999905		13.379999999999999
19.7400000095		10.651387012979999
20.2699999809		9.576053571420001
20.6700000763		13.852184210519999
21.0099999905		17.92654251012
21.3099999428		17.899362318839998
21.7200000286		15.143486238540001
22.1399998665		12.868536585360001
22.5699999332		12.87776576577
22.9800000191		12.817255384620001
23.3999998569		12.775236923069999
23.8399999142		12.882016997160001
24.25		13.077880126170001
24.629999876		13.142093959740002
25.0099999905		15.31637894736
25.3899998665		15.3526597938
25.7400000095		15.048641221379999
26.1399998665		13.275318327959999
26.5499999523		13.181790476189999
26.9300000668		13.40107216494
27.3699998856		13.71882152976
27.7699999809		13.64805144696
28.1399998665		12.008671532850002
28.3399999142		12.003157894740001
28.8999998569		12.01097435898
29.3199999332		12.507117824760002
29.7599999905		12.466816901399998
29.9800000191		12.08507317074
30.1600000858		11.80036363635
30.4200000763		11.79469879518
31.7100000381		11.7832606635
32.2599999905		11.39075324676
32.6399998665		11.30172631578
33.1600000858		11.26519266054
33.5999999046		11.4407652174
34.1900000572		10.910645669280001
34.6099998951		10.03640366973
35.0699999332		9.96901657458
35.6099998951		10.3535144766
36.1499998569		10.199314285709999
36.7599999905		8.72981538462
37.2699999809		8.8282589928
37.879999876		9.13265369649
38.4400000572		9.02812738854
39.0399999619		9.01998425196
39.5299999714		9.325112781960001
40.0899999142		9.521025641040001
40.5799999237		9.85981047381
41.1099998951		9.92305990782
41.5		10.495574750820001
42.0199999809		11.01206466513
42.3599998951		11.06736
42.7300000191		12.379986062729998
43.1700000763		12.514246418339999
43.7100000381		10.61011453743
44.2300000191		10.0091830986
44.75		9.845846867759999
45.0999999046		9.95354545455
45.8299999237		8.85129582576
46.3899998665		10.07288699361
46.8399999142		10.88925842697
47.2599999905		11.02952727273
47.7899999619		9.86600000001
48.3399999142		9.03550326798
49.2100000381		6.463398726119999
49.9800000191		6.159999999989999
50.6900000572		6.592900321530001
51.2100000381		9.90778752888
51.7200000286		10.002527315910001
52.1700000763		12.333860724240001
52.5599999428		12.43344966444
53.1199998856		10.55846481876
53.629999876		10.09779904305
54.129999876		10.536353808360001
54.6099998951		10.62655102041
55.0799999237		11.04242553192
55.5699999332		11.17285503687
56.0499999523		10.74012435234
56.5199999809		10.36069841271
57.0099999905		10.94027067669
57.4400000572		13.178831858399999
57.8299999237		13.18643478261
58.25		12.28757142858
58.6800000668		12.21254117646
59.0999999046		12.07341176472
59.5999999046		11.84044987776
60.0999999046		10.22781686748
61.2899999619		3.0382049861400002
61.7300000191		3.9095999999999997
63.1399998665		4.22959819413
63.8199999332		7.17479376084
64.5399999619		7.0361208267
64.8399999142		7.14646153845
65.0699999332		6.96934228188
65.4300000668		7.3883773584900005
67.0299999714		8.35720336134
67.9200000763		6.6530063210999995
68.4700000286		6.86778678039
69.129999876		8.6320281195
69.6199998856		10.09479283887
70.2000000477		11.1971878788
70.5699999332		11.84802888087
70.9500000477		12.57416027874
71.4100000858		12.666833787479998
71.8899998665		11.74857721518
72.3699998856		11.79091948053
72.7799999714		11.54038871472
73.2799999714		11.61926732673
73.7899999619		10.076417061599999
74.3999998569		8.93207017545
74.8299999237		11.106626865660001
75.2799999714		12.141253405979999
75.7000000477		12.01758054711
76.1700000763		11.484288
76.5299999714		11.487883636349999
77.0		12.68144680851
77.2999999523		13.05113207547
77.6700000763		12.920203636350001
78.1099998951		12.47849142858
78.5799999237		12.47925388602
79.0099999905		12.80454054054
79.4300000668		12.898358662620002
79.7200000286		13.0085940594
80.2100000381		12.31581818181
80.6900000572		12.238818652860001
81.0899999142		12.50508387096
81.4600000381		12.5942698962
81.8999998569		12.55158739254
82.2999999523		13.25014696485
82.7799999714		13.28211518325
83.1800000668		13.16626198083
83.5799999237		13.059821656050001
84.0099999905		12.69252071007
84.4900000095		10.66092151899
85.0		10.74722330097
85.3599998951		13.72284444444
85.8099999428		13.7172299169
86.2300000191		12.94748466258
86.6600000858		12.575648093849999
87.0899999142		12.25178823528
87.6399998665		9.14526872247
88.2599999905		8.45232713754
88.9400000572		7.038519524610001
89.5499999523		7.575133462290001
90.2100000381		7.6447775832
90.9200000763		7.21748626818
91.4700000286		8.684458149780001
91.9700000286		10.14403931205
92.4800000191		9.793075471709999
92.9800000191		9.60520197045
93.6700000763		8.004535537199999
94.3699998856		7.00419801981
94.7699999809		10.47890445861
95.0		10.36636363635
95.879999876		7.9394576271299995
96.4700000286		8.29630460922
97.0		10.05845454546
97.2300000191		10.25147586207
97.4300000668		9.98492307693
97.6900000572		11.38325581395
98.9500000477		13.69844628099
99.4200000763		13.70450000001
99.7899999619		11.67026086956
100.309999943		11.343242494230001
100.869999886		8.41591471215
101.75		6.98941740228
102.149999857		10.69024104234
102.579999924		10.58294428152
103.119999886		10.23948898677
103.660000086		10.244344370850001
104.309999943		8.12075849733
104.839999914		8.482451612910001
105.379999876		10.27173741795
105.869999886		10.63062
106.349999905		11.9326875
106.75		11.92538461539
107.269999981		10.38657342657
107.74000001		10.43214775725
108.24000001		10.529603911979999
108.629999876		10.60123489932
109.200000048		9.91314760914
109.579999924		9.60708333333
110.069999933		8.81651612904
110.75999999		7.352646464639999
111.819999933		4.96085684862
112.619999886		6.03953541075
113.879999876		3.6331849315199998
114.789999962		3.2163231334199995
115.779999971		5.46143784993
116.559999943		6.86654651163
117.170000076		7.440644913630001
117.75		7.35301818183
118.440000057		7.34983892616
119.079999924		7.55427322404
119.920000076		6.81958064517
120.670000076		6.21574660632
121.539999962		5.25741538461
122.910000086		3.3594925606799997
124.149999857		3.71346031746
125.019999981		5.6913316195500006
125.670000076		6.6045775401
126.440000057		7.401973094160001
127.059999943		7.93398496242
127.680000067		8.060706766920001
128.279999971		8.15187475539
128.859999895		8.5431111111
129.440000057		9.24258536586
129.899999857		11.358049315079999
130.279999971		13.366361774729999
130.700000048		13.30843902438
131.25		9.77598249453
131.74000001		9.73517037036
132.230000019		10.425818181810001
132.720000029		10.38066
133.25999999		8.74374887892
133.899999857		8.821027322399999
134.389999866		10.63795488723
134.779999971		10.7528627451
135.039999962		8.24313253011
135.859999895		7.753291034489999
136.769999981		5.011932203400001
137.899999857		4.3009912536299995
138.289999962		4.8896842105200005
138.589999914		4.9449142856999995
139.079999924		4.98198473283
141.649999857		4.07919278097
143.180000067		3.6418878892799995
143.99000001		4.50488391609
145.819999933		2.835810623556
148.660000086		1.444223929749
151.019999981		2.443830687831
