0.0		5.834742857129999
1.25999999046		4.87722706209
2.25		3.5948571428700005
4.31999993324		2.517490517682
5.23999977112		6.285133757970001
6.25999999046		6.407639306370001
6.79999995232		7.13457391305
7.41999983788		6.8869923664199995
7.98999977112		9.644663900400001
8.50999999046		10.79229767442
9.12999987602		8.59754545455
9.66999983788		8.25422421525
10.3399999142		8.09342068965
10.9399998188		8.25679223301
11.5799999237		8.36159124087
12.1699998379		7.562439024390001
12.8299999237		7.80357267951
13.379999876		8.6327161572
13.9499998093		8.86133333334
14.379999876		9.29167058823
15.0699999332		8.013821848740001
15.5299999714		7.378239999990001
16.0		9.474816
16.5199999809		10.25228169015
17.0799999237		10.1839154334
17.5999999046		10.2252086331
18.1799998283		8.642688391050001
18.5699999332		8.58737254902
19.4099998474		6.502752000000001
20.1999998093		6.768171919769999
20.8399999142		7.0611584699400005
21.4499998093		7.05376744185
22.0799999237		8.203191011249999
22.629999876		9.11493626373
23.3199999332		8.414208955229999
23.9199998379		8.04890625
24.5799999237		7.29676868328
25.3199999332		6.5697886677
26.0099999905		7.04191304349
26.6399998665		8.29186516854
27.2999999523		6.523183098600001
28.0999999046		7.01405099151
28.6999998093		8.227836257309999
29.3399999142		7.811103825150001
29.9699997902		7.62931868133
30.6199998856		7.535303085300001
31.3699998856		6.9108693009
32.0599999428		6.875104477620001
32.7099997997		7.133595628409999
33.4799997807		6.40053958944
34.3199999332		6.00487096773
35.0899999142		5.84976854598
35.8599998951		6.0984106351500005
36.6199998856		6.1333293943800005
37.2999999523		6.666174358980001
38.0799999237		7.028656023210001
38.7399997711		7.4596555360200005
39.3099999428		6.89806289307
39.5999999046		6.80776119402
40.5999999046		6.238774694789999
41.3599998951		6.160500000000001
42.1599998474		6.1811731843499995
42.4899997711		6.21951464436
42.7599999905		6.10842352941
43.1799998283		6.005889570540001
45.1399998665		5.75525000001
46.0399999619		6.545432835810001
46.5899999142		7.00215652173
47.4199998379		6.63732972972
48.1099998951		6.62259060402
48.9199998379		7.70877329625
49.3899998665		8.546625
49.9099998474		8.49125647059
50.7699999809		6.060923076929999
51.5399999619		6.86492307693
52.2699999809		7.10407511736
52.879999876		7.093225433520001
53.879999876		5.16411881187
54.6599998474		6.2441233480200005
55.4299998283		6.70886090775
56.0499999523		7.087085714280001
56.7399997711		7.43879799666
57.3999998569		7.0729588550999996
58.129999876		6.64599999999
58.6899998188		6.82325701944
59.4899997711		6.725280677010001
59.9899997711		6.71563106796
60.5899999142		7.091928143700001
61.3599998951		6.479928783390001
62.3299999237		5.46144217686
63.1199998856		6.11752080345
63.9899997711		5.3989312977
64.5299999714		5.931683972909999
65.5299999714		5.933167883219999
66.4099998474		6.056646153839999
67.1999998093		5.57780719425
67.8699998856		6.26461962135
68.6199998856		6.617075528699999
69.3199999332		6.7655725938
70.2099997997		6.39819419925
70.9099998474		6.744746317500001
71.629999876		6.57176923077
72.3899998665		6.36509198814
73.2099997997		5.8163867403300005
73.9599997997		6.6684578313300005
74.6399998665		6.29060780985
75.5599999428		5.9446818727499995
76.3899998665		5.7505177111800005
77.1399998665		6.547016793899999
77.9199998379		6.06347598252
78.7299997807		5.70323076924
79.5899999142		6.007070013209999
80.2799999714		6.875104477620001
81.0399999619		5.82789285714
81.9699997902		5.22774610779
82.8699998856		5.5224029666400005
83.7399997711		5.0808556701
84.6899998188		4.77849999999
85.7599999905		4.2587323077
87.0		3.4208000000100003
88.4099998474		3.69957524829
89.4199998379		4.59863921994
90.1999998093		4.81753440702
90.5899999142		4.65428571429
91.9599997997		4.36762703964
93.4299998283		3.024
94.4499998093		4.753727175090001
94.8699998856		4.55970552147
95.1999998093		4.45678969956
95.6699998379		5.32043478261
97.6999998093		5.4523421052600005
99.0899999142		4.073164086689999
99.8599998951		4.73675294118
101.00999999		4.65556777251
102.159999847		3.7236452830199998
103.679999828		3.9253597733700003
104.599999905		3.9398607443099998
106.359999895		2.1713501805060003
108.359999895		2.467477707006
110.199999809		2.642760820047
111.829999924		2.955406250001
112.799999952		4.2363452244
113.639999866		6.30091812081
114.329999924		7.1226934673399995
115.129999876		6.49030028328
115.75		6.95461682244
116.349999905		8.73694117647
117.0		7.04774331552
117.789999962		6.14352068475
118.419999838		5.8829944134000005
119.2099998		6.83126647563
119.699999809		6.95185929648
120.339999914		6.460101818190001
121.099999905		6.5186149253700005
121.939999819		6.43982887701
122.7099998		6.32627893176
123.379999876		7.32911917098
123.869999886		6.53665671642
124.809999943		5.77851184833
125.689999819		6.01041221373
126.399999857		6.192613418520001
127.109999895		5.88955339806
127.949999809		5.88777419355
128.689999819		6.38045538462
129.579999924		6.374080402020001
130.489999771		5.05649079756
131.419999838		4.85874881517
132.25999999		5.76622580646
133.019999981		6.313439280359999
133.789999962		6.4924574780099995
134.329999924		8.32622022471
135.029999971		8.10461538462
135.649999857		8.02448669202
136.449999809		6.0313586497800005
137.289999962		5.5100634920700005
138.049999952		6.2718308157000004
138.7099998		7.86739100346
139.479999781		6.15087240357
140.2099998		6.128863849769999
141.019999981		6.03757676349
141.859999895		6.029182186230001
142.569999933		6.34902415458
143.4599998		5.19977833752
144.309999943		5.47070355732
145.099999905		5.58697994268
146.149999857		5.04452499999
147.089999914		5.01126800472
148.00999999		3.9931747572900003
148.329999924		6.136143497759999
149.479999781		5.84925702393
150.239999771		6.151346211
151.019999981		6.40480463097
151.319999933		7.25104390245
151.559999943		7.01643243243
151.929999828		7.17186813186
153.839999914		6.50855497383
154.699999809		6.861183833129999
155.299999952		6.291
156.199999809		6.071228677380001
156.909999847		6.355980676320001
157.879999876		6.31996351197
158.519999981		6.08887569573
159.149999857		6.646011049709999
159.809999943		8.14138003503
160.439999819		8.54638674033
161.059999943		8.63023574145
161.619999886		7.93401724137
162.389999866		6.94405917159
163.229999781		5.69243373495
164.25		4.91647210299
164.839999914		7.44144
165.539999962		7.36502479338
166.149999857		7.57429885056
166.75		8.52793663365
167.25		7.575942446040001
168.069999933		6.613348127609999
168.619999886		6.04113537117
169.25999999		6.425056057860001
169.939999819		7.389969543149999
170.75		6.727642458089999
171.46999979		6.778874403810001
172.179999828		6.90009756099
172.609999895		7.550965517250001
173.349999905		7.58485847589
174.039999962		7.795683168329999
174.699999809		6.87336170214
175.339999914		6.654010968930001
176.139999866		6.222306818189999
176.799999952		7.2001666666799995
177.739999771		5.98321698114
178.659999847		4.99520000001
179.519999981		5.34652411995
180.299999952		6.23556976743
181.079999924		6.129641921399999
181.879999876		6.17553138075
182.559999943		6.344465753430001
183.519999981		5.71155709344
184.529999971		4.59290533188
185.5		4.8620136054300005
186.409999847		5.0862124542
187.25999999		5.4847450462500005
188.279999971		4.90016379309
188.96999979		6.90948
189.75		5.7256491228
190.689999819		5.14154063604
191.639999866		5.20702097901
192.439999819		5.60048863635
193.239999771		5.7904964937
194.019999981		6.1333293943800005
194.779999971		5.80314285714
195.75		5.4658510158
196.639999866		5.35251450189
197.319999933		5.58637691001
197.669999838		5.32435797666
198.739999771		5.7475828221
199.5		6.24412669683
200.379999876		5.53215
200.729999781		5.8986666666600005
201.0		5.73719337018
201.419999838		5.95112462007
203.239999771		6.46623667101
204.269999981		5.592484590870001
204.939999819		5.6212774869
206.00999999		5.03240163933
206.839999914		5.34832520325
207.889999866		5.77957038582
