0.0		13.87496267943
0.580000162125		13.28921212122
0.910000085831		13.476953974890002
1.34000015259		14.36147368422
1.71000003815		14.4053430657
2.15000009537		15.746045454539999
2.44000005722		16.16701477833
2.75999999046		16.039040000009997
3.18000006676		14.21629357797
3.60000014305		14.2352392638
4.0		14.64356129031
4.33000016212		15.40328033472
4.73000001907		15.340470588239999
5.12000012398		14.033821782179999
5.5600001812		13.84335951663
5.92000007629		14.25563218392
6.29000020027		15.91371428571
6.63000011444		15.942677419349998
7.0		15.27165957447
7.30000019073		14.90173584906
7.72000002861		14.947410658319999
7.99000000954		15.037173913050001
8.32000017166		14.86634309622
8.70000004768		15.00849484536
9.10000014305		15.53868387096
9.46000003815		15.733992619920002
9.82000017166		15.65889298893
10.1000001431		13.61521243524
10.5500001907		13.58513649024
10.9800000191		14.018350148369999
11.3200001717		15.26211023622
11.6500000954		15.29304201681
12.1100001335		11.7755483871
12.620000124		9.96946153845
13.1900000572		10.70415189873
13.6400001049		11.19847826088
14.0700001717		11.920883720940001
14.5		12.69252071007
14.9300000668		12.4957388724
15.4100000858		11.471129533680001
15.8300001621		11.57865
16.3300001621		11.93233734939
16.7700002193		11.9571671388
17.2400000095		11.34469841271
17.7000000477		11.2889105691
18.1400001049		11.79531818181
18.6100001335		12.030031746029998
19.0500001907		12.05141860464
19.4600000381		12.238575
19.9200000763		11.86186956522
20.4500000477		10.107746606340001
20.9200000763		10.32131937174
21.3600001335		11.93243930637
21.7900002003		11.93179310346
22.2000000477		12.340860759479998
22.6800000668		12.35393877552
23.120000124		12.024203966009999
23.4900000095		12.008671532850002
23.6900000572		12.10938053097
24.2400000095		12.300078774629998
24.6600000858		12.39477844311
25.0900001526		13.21110447762
25.2800002098		13.89218691588
25.4500000477		14.03286486486
25.6800000668		13.788169014090002
26.8300001621		15.11409118542
27.3200001717		13.22243216079
27.6600000858		13.30988429751
28.0900001526		14.36147368422
28.4400000572		15.358225680930001
28.8900001049		15.22694505495
29.2400000095		12.57434482758
29.620000124		12.487141868519998
30.0500001907		13.6326334311
30.4500000477		15.018407766990002
30.8400001526		14.98186138614
31.2000000477		13.685442379169999
31.6400001049		13.64588372094
32.0400002003		13.71692903226
32.4600000381		13.96997560977
32.8100001812		14.0404528302
33.2900002003		11.45460154242
33.7300000191		11.49355813953
34.1300001144		13.89228387096
34.4300000668		14.76246728973
34.8500001431		14.76230340558
35.1500000954		13.30211538462
35.5099999905		13.15946666667
35.9200000763		13.356183486239999
36.3100001812		15.84536842104
36.6700000763		15.792266666669999
37.0700001717		14.0515231788
37.3600001335		13.0085940594
38.0		10.42107692307
38.4800000191		12.302562500009998
38.8800001144		12.3457834395
39.4200000763		8.08832000001
39.9900000095		9.2611078224
40.3600001335		14.706723404249999
40.8000001907		14.66406936417
41.2800002098		10.53974424552
41.7599999905		10.38173164557
42.1500000954		14.39621476509
42.5200002193		15.25747826088
42.8900001049		15.268468965510001
43.2900002003		12.02976623376
43.8000001907		12.01922330097
44.1700000763		14.75832167832
44.5500001907		14.88991666668
44.9200000763		14.71946289753
45.3100001812		13.886127090299999
45.7300000191		13.86387804879
46.1000001431		15.020608695659998
46.4400000572		15.479620553370001
46.8100001812		15.589885714289998
47.25		12.620406779669999
47.6600000858		12.596626198080001
48.0500001907		13.62582178218
48.4200000763		14.882666666669998
48.7700002193		14.88439694655
49.2200000286		13.19548773843
49.6400001049		13.02007361964
49.9700000286		13.76726359833
50.1500000954		15.91116279069
50.6000001431		15.57101385042
50.9600000381		14.94532851987
51.4000000954		12.7175862069
51.6000001431		12.925773913050001
51.7800002098		12.663804878039999
52.0099999905		14.187826086960001
53.2100000381		13.62338630136
53.6900000572		13.45915089513
54.0		14.31552
54.4100000858		15.3010093458
54.7599999905		15.358225680930001
55.2700002193		13.1966857143
55.6100001335		12.87021176472
55.9800000191		13.17074452554
56.3900001049		14.618641509420002
56.8000001907		14.593358490570001
57.2200000286		13.510428571439999
57.5900001526		13.38685090908
58.0099999905		14.012489552249999
58.3800001144		15.351075812280001
58.7700002193		15.2230963455
59.120000124		14.093636363639998
59.5400002003		13.83801242235
59.9100000858		13.87292631579
60.2800002098		15.77512087911
60.5700001717		15.71725373133
60.9700000286		15.381367741950001
61.2599999905		13.76537313432
61.6100001335		13.613241379320002
62.0200002193		13.60583177571
62.4700000286		13.38053333334
62.8800001144		13.3664952978
63.2900002003		13.219813084110001
63.5800001621		13.2713939394
64.0300002098		13.777016949150001
64.4300000668		15.14161538463
64.7700002193		15.26211023622
65.1300001144		13.631999999999998
65.5500001907		13.194289156619998
65.9600000381		13.292615384609999
66.4100000858		13.787413043489998
66.8000001907		13.969627118639998
67.1800000668		13.94824489797
67.5800001621		14.065809836069999
67.9600000381		14.17866666666
68.3500001431		15.00968135592
68.6800000668		15.06165853659
69.120000124		14.43708454809
69.5		14.25972972972
69.8900001049		14.24683056477
70.25		15.258637362630001
70.6100001335		15.320856088560001
71.0099999905		15.05745695364
71.3800001144		14.859096774180001
71.7300000191		14.89104182511
72.1100001335		14.89818430035
72.5		14.79345695364
72.8600001335		14.822345864670002
73.2800002098		12.43561445784
73.7100000381		12.39481791045
74.1000001431		13.08628187919
74.5400002003		13.757795454539998
74.9300000668		13.7363883495
75.3000001907		12.14160885609
75.5		12.10938053097
76.1600000858		11.61391735536
76.5200002193		15.332799999990002
76.9000000954		15.367083333330001
77.1100001335		12.18413114754
77.2800002098		12.074790697680001
77.5400002003		12.01177914111
78.75		13.9286722689
79.2100000381		14.26159349592
79.5200002193		14.4439103139
79.9700000286		14.03321142858
80.4300000668		10.6966504065
81.0200002193		11.01910139166
81.3600001335		12.971952569159999
81.7400000095		12.88851428571
82.1900000572		12.91313333334
82.6400001049		12.890799999990001
83.0700001717		13.43048520711
83.4100000858		14.43680000001
83.8300001621		14.53307739939
84.2200000286		14.033821782179999
84.6400001049		14.012697247710001
84.9900000095		13.883283582089998
85.4200000763		13.502545454549999
85.8000001907		13.49414334471
86.1900000572		14.073882352950001
86.5		14.294877828059999
86.9300000668		14.27611976049
87.25		11.77378723404
87.6500000954		11.72625742575
88.0800001621		12.845505882360001
88.5		14.552845921440001
88.8800001144		14.602438356150001
89.3300001621		11.85351955308
89.6400001049		11.94425454546
90.1500000954		11.58447505938
90.6600000858		11.27490214797
91.0500001907		12.87899003322
91.370000124		16.03411453743
91.7300000191		15.92910545454
92.1000001431		14.864860215060002
92.5600001812		13.750048780500002
92.9500000477		13.828993288590002
93.3100001812		14.966364963510001
93.6900000572		15.10588732395
94.0800001621		13.67228571429
94.5500001907		12.065002724790002
94.9400000572		12.10839215685
95.3500001431		15.720380952389998
95.7000000477		15.80853932583
96.0800001621		15.20672340426
96.4500000477		14.565062937059999
96.8200001717		14.775629893229999
97.2400000095		13.948932515340001
97.6300001144		14.00570270271
97.9900000095		14.13842599278
98.3800001144		14.74718918919
98.7700002193		14.744633663370001
99.1600000858		13.275232323240001
99.5800001621		12.62576146788
100.0		12.58261818183
100.390000105		12.70264495113
100.860000134		12.74406315789
101.25999999		13.780987012979999
101.590000153		14.0016
101.770000219		14.10680412372
102.320000172		12.300078774629998
102.75		11.99958260871
103.190000057		12.791098265910001
103.390000105		13.51330909092
103.570000172		13.144708860749999
103.810000181		13.4104109589
104.970000029		14.6682477876
105.420000076		14.865898305089999
105.720000029		15.05136448599
106.130000114		15.15933333333
106.470000029		15.725354581680001
106.920000076		15.65708474577
107.330000162		10.3204528302
