0.0		7.56355555557
0.810000181198		8.28744566928
1.28000020981		8.589312
1.95000004768		8.42474099484
2.58000016212		7.43326553673
3.5		6.8852273292
4.26000022888		5.9888759124
4.78000020981		8.47132394367
5.43000006676		8.1988148148
6.07000017166		8.53067647059
6.66000008583		9.15222580644
7.30000019073		6.645097472910001
8.18000006676		5.9722442747999995
8.99000000954		5.95552941177
9.78000020981		6.5646876790799995
10.6300001144		4.9346419098
11.5300002098		5.5698
12.2600002289		6.11094899535
13.1000001431		5.81188663968
13.9300000668		4.298187755100001
14.8600001335		5.71729496403
15.3800001144		6.434511627899999
16.0400002003		6.255380281680001
16.870000124		5.926013568509999
18.0900001526		4.26282477876
19.4400000572		3.39213365154
20.8500001431		3.19785983421
21.7800002098		3.1812784503600002
23.0		4.35841286862
25.870000124		1.698735706581
26.620000124		5.94566871165
27.2600002289		6.654010968930001
27.9800000191		6.95318095239
28.6700000763		6.92369949918
29.5700001717		6.248482758630001
30.3400001526		6.11430267063
31.0600001812		6.5612544
31.8300001621		6.318220913099999
32.5800001621		6.399793313069999
33.3600001335		6.44520524016
34.0200002193		6.43258333332
35.0300002098		5.453656387680001
35.7900002003		6.24390532545
36.6700000763		5.504872914
38.1600000858		2.977561115082
39.370000124		3.7004919785999997
40.2300000191		5.9442509803800005
41.6800000668		3.10073896785
42.5300002098		5.153084210519999
43.6000001431		4.44518126274
44.6600000858		4.60579793814
45.5400002003		5.0290102040699995
46.3300001621		5.86452272727
47.120000124		5.90649217638
47.8500001431		6.08379407175
49.0700001717		4.31617112298
49.9700000286		5.23371639951
50.7000000477		5.23945222929
51.0600001812		5.0868401487
52.1700000763		5.50552007835
52.9300000668		6.160500000000001
53.7900002003		5.79282722514
54.1500000954		5.60929811322
54.4200000763		5.76906666666
54.8400001526		6.06167182662
57.0500001907		5.00255130786
58.3500001431		4.35639735099
59.5		3.05307298578
61.7100000381		2.328887624466
64.4700000286		1.485534060972
67.7400000095		1.747354350567
69.9700000286		1.5885304937070002
71.8800001144		1.987215859032
73.8200001717		2.534748091602
76.5		1.791079891935
78.1000001431		3.02029540917
79.3600001335		3.17908808289
80.8900001049		3.2598500000099997
82.4700000286		2.871200540175
84.3400001526		2.581494084507
85.5300002098		3.38247272727
86.5900001526		4.68050420169
87.9000000954		3.23815233414
88.9300000668		4.63076129031
89.6000001431		5.409534246570001
90.3400001526		7.427140186920001
90.7900002003		7.68566666667
91.3100001812		8.30153271027
91.8900001049		9.00509690721
92.4600000381		10.03539999999
93.0400002003		8.846290456439998
93.6400001049		8.2399223301
94.0900001526		7.38128089887
94.9800000191		6.86910422535
95.7400000095		7.061560538130001
96.4000000954		6.849074204940001
97.0500001907		6.51116994633
97.8300001621		6.34855652175
98.4500000477		7.85472727272
99.3000001907		6.69362532981
99.9600000381		7.14218370885
100.510000229		8.97326914662
101.080000162		8.97504602511
101.640000105		9.01726766595
102.180000067		9.71021052633
102.640000105		9.93342627345
103.300000191		8.68757894736
103.900000095		8.35817821782
104.53000021		7.9412888889
105.200000048		7.1206974359099995
105.920000076		6.6325111821
106.770000219		5.9991451187400004
107.590000153		5.70245942229
108.840000153		3.38784083046
109.810000181		4.92682618509
111.020000219		3.9925147453200003
111.820000172		5.59254468084
112.74000001		4.986260869560001
113.640000105		5.15169230769
114.810000181		3.6411876750600003
115.99000001		4.42663985376
116.620000124		7.9634971857300005
117.140000105		7.66987412586
117.410000086		7.396540540529999
118.270000219		7.367150720849999
118.920000076		7.445784172649999
119.74000001		6.09603305784
120.080000162		5.9697349397699995
120.350000143		5.76906666666
120.78000021		5.82714285714
123.090000153		4.27561134996
124.960000038		2.966475760992
125.630000114		5.5823084922
126.600000143		5.61970709382
127.520000219		4.7727496977
128.920000076		4.24071002295
129.78000021		4.30131585846
130.680000067		4.43884870848
131.890000105		4.15807513416
132.74000001		6.154758620700001
133.53000021		6.51291822096
134.200000048		6.36917647059
135.100000143		5.87507384229
135.820000172		6.74960000001
136.5400002		7.30805741628
137.110000134		7.68743801652
137.730000019		8.55247600767
138.330000162		7.662372093030001
139.150000095		5.97310402218
139.800000191		5.6921945946
140.830000162		5.05644114528
141.470000029		5.09546961327
142.220000029		5.37527382753
142.960000038		6.750343122089999
143.760000229		6.79406488011
144.53000021		6.27969366717
145.370000124		5.68080321285
145.920000076		5.787964757699999
146.930000067		5.31270588234
147.810000181		5.98755893535
148.49000001		6.604047700170001
149.100000143		6.94607633589
149.950000048		5.82513829788
150.7900002		5.5223648468699995
152.5		3.13776623376
153.100000143		8.19292246521
153.710000038		7.781373814050001
154.380000114		7.40945077719
155.24000001		5.45474611398
156.330000162		4.46356451613
158.160000086		2.134313364054
160.620000124		2.109893481039
162.620000124		2.207573221758
164.190000057		2.909291723202
165.830000162		2.699681140635
166.760000229		4.9428
167.580000162		6.28956016599
168.220000029		7.44288689409
168.950000048		6.2164190476200005
169.75		6.096603351960001
170.53000021		6.51257142858
171.130000114		7.7613070866000005
171.78000021		7.34630604981
172.460000038		6.990343434330001
173.220000029		5.89080362538
174.140000105		5.8557968561100004
174.880000114		6.5401294298999995
175.430000067		7.16857516341
175.710000038		7.687415730330001
176.670000076		7.1881534527
177.340000153		7.08879452055
178.110000134		6.55662222222
178.420000076		6.6065066666700005
178.690000057		6.00249710982
179.100000143		6.176403785489999
180.980000019		6.3506206896599995
181.850000143		6.79913178294
182.370000124		7.43878060047
183.010000229		8.979202925040001
183.510000229		9.51099759036
184.160000086		9.96871942446
184.580000162		9.94516363635
185.060000181		9.4968
185.640000105		9.54564271047
186.190000057		10.0884521739
186.720000029		10.22410810812
187.160000086		10.8276
187.690000057		10.47808928571
188.28000021		8.48752095807
188.900000095		8.77806896553
189.390000105		9.23255583126
190.0		8.503511450369999
190.580000162		8.23704999999
191.220000029		7.83019636365
191.720000029		7.724127139350001
192.460000038		7.30202756508
193.050000191		5.53368
194.760000229		2.200034674923
195.570000172		6.1254866760299995
196.270000219		7.8709019607899995
196.880000114		8.18409213051
197.49000001		8.27204678364
197.880000114		8.61552786885
198.5		9.23686363635
199.160000086		8.3172253521
199.730000019		8.02603726707
200.28000021		7.92972549021
200.890000105		8.44027745664
201.380000114		10.60689514065
201.960000038		10.22937096774
202.470000029		9.90634615386
202.980000019		9.88140722892
203.5		10.00016783217
204.070000172		8.64694866531
204.74000001		7.741006993020001
205.300000191		7.8833361702
206.0400002		7.5257142857099995
206.74000001		6.942236842110001
207.400000095		7.56313227513
208.060000181		7.45189266546
208.710000038		7.42746332736
209.370000124		7.977810526320001
209.980000019		7.98783815028
210.570000172		7.78597216701
211.160000086		8.747831663340001
211.730000019		9.42536708862
212.25		9.16917209301
212.7900002		9.15437694012
213.260000229		10.898330708669999
213.700000048		10.923563025209999
214.330000162		9.00138289962
214.920000076		8.50610020041
215.420000076		7.96701210654
215.680000067		7.955581395359999
216.550000191		7.234409266410001
217.25		6.8768372093100005
217.99000001		6.829814814810001
218.270000219		7.432320000000001
218.510000229		7.31290140846
218.860000134		7.41636363636
220.560000181		7.08338461539
221.400000095		7.03546524063
221.950000048		7.1260884955799995
222.760000229		6.79339419087
223.430000067		6.81703626942
