0.0		3.50648996373
1.41000008583		4.3456052848799995
2.20000004768		4.9250642201699995
3.30999994278		5.175578503680001
4.11999988556		6.5894223706199995
4.97000002861		7.283321944800001
5.47000002861		7.9657864077600005
6.09999990463		6.77070168855
7.25		4.389733711050001
8.31999993324		4.79409917355
9.06999993324		6.87803636364
9.79999995232		5.89965384615
10.5799999237		6.7737142857
11.4200000763		5.669664
12.2400000095		6.3115041322200005
12.8499999046		7.30986247545
13.5999999046		6.6804197901
14.2699999809		6.88812543555
15.1099998951		5.73449800266
16.1800000668		3.2636033058000002
18.0199999809		2.741934445083
19.0499999523		2.949722814498
19.8199999332		5.26378666668
23.4600000381		1.230967305525
27.8599998951		1.126518241347
32.0		1.053858625803
35.2000000477		1.369332042594
36.629999876		1.975741353384
38.2999999523		3.1103724489899998
39.9100000858		3.1080157894800005
41.3299999237		2.94572644377
43.129999876		2.149878322503
45.0499999523		2.400276164385
46.7799999714		2.536572477063
48.5		3.13195555557
49.7000000477		3.7059712230299997
50.8599998951		3.8650179076200004
52.1099998951		3.70152890424
53.6099998951		2.995066856331
55.1700000763		3.0265591250999995
56.3499999046		3.39923669724
57.7400000095		3.82387644789
58.9400000572		3.8336784741
60.2400000095		3.56466832917
61.7400000095		2.9711897289599998
63.6500000954		2.2787881448969998
65.1600000858		3.2159490806099997
66.4200000763		3.54939041097
67.5999999046		3.62624444445
69.5899999142		2.305952456418
71.2000000477		2.943098814228
72.3900001049		3.59739416058
73.7699999809		3.21293696499
74.8699998856		4.1439760479
76.0199999809		3.7034301994199996
77.1900000572		4.5132749301
78.5699999332		3.3264451410599998
79.6400001049		3.35410397553
80.1900000572		3.02066225166
82.0899999142		3.10217218542
83.3199999332		3.63145263159
85.1199998856		2.59573020528
85.7300000191		2.90325
86.2000000477		2.821826086956
86.9300000668		3.08820189273
93.4400000572		2.879137410642
95.3399999142		3.1084040165399998
96.1800000668		4.31190361446
97.9500000477		2.93757416268
98.879999876		4.6655602836900005
100.359999895		4.00477456647
101.150000095		4.77020930232
101.99000001		4.85704441455
103.00999999		4.97190160428
104.039999962		4.9846272825
105.069999933		4.83955650321
106.160000086		3.70733534742
108.109999895		2.529193965516
110.269999981		2.066204081634
111.519999981		3.9741127493399997
112.190000057		6.41503448277
112.879999876		7.37721854304
113.519999981		7.214934306569999
114.220000029		7.03694117646
114.869999886		5.6615913978600005
115.640000105		7.0535857988099995
116.069999933		8.33385542169
116.569999933		8.50013397129
117.170000076		8.68284691848
118.269999981		4.76458160238
118.829999924		9.033711864419999
119.390000105		9.12593548386
119.75		9.95354545455
120.339999914		9.715266932279999
120.99000001		8.52740794224
121.539999962		8.30101927194
122.089999914		8.08832000001
122.859999895		6.404245614030001
123.559999943		6.866384105970001
124.279999971		7.99018582677
124.950000048		7.21723292469
125.74000001		5.8750487106
126.599999905		5.5642957198500005
127.349999905		6.399793313069999
128.319999933		5.0431161731100005
129.160000086		4.99348787061
130.170000076		5.36502708558
131.440000057		3.6106757912700003
132.549999952		4.19188269795
134.440000057		2.320672980501
134.819999933		14.466731707320001
135.220000029		14.43603809523
137.519999981		1.880130612246
138.319999933		5.53938330975
139.619999886		3.6045978530100005
140.779999971		4.18708903467
141.680000067		4.946981179410001
142.75999999		4.17876923076
144.180000067		3.1267048192799995
146.24000001		2.000878399179
149.730000019		1.42224493392
150.819999933		4.27877419356
151.859999895		3.4708607595
152.390000105		3.1529032258200003
154.140000105		3.40056624318
155.339999914		3.7397073170699997
156.629999876		3.6973433583900004
157.140000105		3.6079223301
157.629999876		2.59608
159.50999999		1.103053521126
162.339999914		5.4108117519
163.369999886		5.592484590870001
164.019999981		5.803589189189999
165.00999999		5.42121854304
165.869999886		5.19350526315
167.089999914		4.9006259946899995
167.75999999		5.65845517242
168.390000105		6.7453906541999995
169.289999962		5.8181827284
170.210000038		5.61147279324
171.150000095		5.3468833922400005
172.440000057		3.07808026755
173.920000076		3.37711079136
174.75999999		5.72307940782
175.450000048		7.63692
176.079999924		6.890222222219999
176.799999952		7.02813880125
177.440000057		7.29480442803
178.059999943		8.12567547171
178.559999943		7.667883495149999
179.819999933		4.07540512821
180.349999905		6.37520737326
180.940000057		7.106112
181.619999886		7.44032708688
182.299999952		8.305158620699999
182.940000057		7.68272432433
183.609999895		7.40586387435
184.079999924		6.988659574470001
185.24000001		4.53258736059
186.279999971		4.99913650794
187.00999999		6.182736842100001
187.75999999		6.43064310954
188.430000067		7.43718845502
189.129999876		6.82121052633
189.920000076		7.25860944207
190.539999962		7.7755471698
191.109999895		8.525538461550001
191.670000076		9.12781276596
192.129999876		11.697399999990001
192.599999905		11.56098172323
193.029999971		11.09331736527
193.559999943		11.07812080536
194.119999886		9.13610389611
194.710000038		8.52543936381
195.420000076		6.72957673668
196.200000048		6.052408163279999
197.099999905		5.62095426453
198.129999876		4.46733620691
199.569999933		2.905299703263
201.980000019		1.890501515808
203.599999905		2.950874504625
204.799999952		3.55843321299
205.950000048		3.90968181819
207.519999981		2.817004070556
209.869999886		1.729362305988
211.839999914		2.580044752263
213.730000019		2.362016694492
215.410000086		2.085155893536
216.339999914		1.6666991473800001
219.180000067		2.047772677596
220.559999943		3.23173770492
221.980000019		3.3326204819400003
222.460000038		3.8811070496099997
222.890000105		3.02749854228
223.799999952		2.46279245283
227.109999895		2.862715025907
229.349999905		2.460274894812
231.460000038		1.600890656064
234.940000057		1.458753786753
236.690000057		2.387818511796
241.680000067		1.132299897855
243.910000086		1.7218803777540002
245.609999895		2.24287383468
247.74000001		2.307061042185
250.349999905		1.8481433691749998
253.339999914		1.575122831367
256.25		1.3147799999999998
260.660000086		1.088885177454
263.339999914		1.6468814872200002
265.470000029		2.2538868666989997
267.230000019		2.245455642729
268.839999914		2.950887417219
270.279999971		2.941803571428
271.769999981		3.08054935623
273.50999999		1.9274972544239999
275.660000086		2.32596292683
277.00999999		2.206411483254
279.299999952		1.6238829981719998
281.079999924		2.601234067899
284.609999895		1.397850261171
286.109999895		3.05219183967
287.660000086		2.906547945204
289.019999981		2.092146496815
291.160000086		2.3802166910700002
293.00999999		2.6781088435380003
294.089999914		3.9637791411
295.079999924		4.02626548674
296.039999962		5.058318706710001
297.190000057		3.94980571428
298.670000076		3.66601734105
299.74000001		4.21805527125
300.779999971		4.325721519
302.440000057		2.7307905792479996
304.539999962		2.095056716418
305.879999876		3.5394532374
308.329999924		1.574657033574
310.190000057		2.805620396601
311.25999999		4.35591331269
312.099999905		5.7715962315
312.960000038		5.40988051947
313.849999905		5.20947553326
314.660000086		6.30700693482
315.319999933		7.2477062937
