0.0		5.4021371088
0.990000009537		6.488937114660001
1.70000004768		5.1701316211799995
3.01999998093		3.99969381108
4.15000009537		4.2079573560900005
5.68000006676		4.28994427245
6.29000020027		6.311353846139999
7.20000004768		4.39024817517
8.03000020981		6.2566998654
8.85000014305		6.44540000001
9.73000001907		5.74620759495
10.5300002098		5.2070495049600005
11.3600001335		6.4128196721399995
12.1300001144		6.2258389458300005
12.9200000763		6.54593142858
13.5900001526		6.5161471103399995
14.5		5.4010181818200005
15.2900002003		5.71356069363
16.1600000858		5.4861248407500005
16.9000000954		4.92849921996
18.2400000095		3.82989879519
18.8900001049		5.02148820327
19.6000001431		5.694
20.4800000191		5.58500255754
21.370000124		5.97641687346
22.1500000954		6.21561516036
22.9400000572		6.010708215299999
23.4700000286		5.99939726028
24.2800002098		6.86910422535
25.0		7.522585987259999
25.5900001526		7.64610650889
26.1600000858		7.582800000000001
26.870000124		7.1112077922
27.5600001812		6.92369949918
28.3100001812		7.699192716240001
28.9300000668		7.86458015268
29.5400002003		7.8709865643
30.1600000858		8.09447547171
30.7800002098		7.930440677969999
31.4400000572		7.80926984127
32.0900001526		6.62820751341
33.0400002003		5.8052989449000005
33.8500001431		5.85420249654
34.6400001049		6.21492173913
35.4900000095		5.4810631578899995
36.3300001621		5.52856458057
37.3000001907		5.196973714289999
37.9700000286		7.14773793102
38.6000001431		7.2794498141399995
39.4600000381		5.6616964980599995
40.2900002003		6.103311475409999
41.1000001431		5.43077685951
41.8600001335		6.2365921450199995
42.5400002003		6.95521608039
43.3500001431		5.492552112689999
44.370000124		5.2072516128899995
45.1500000954		6.214559297220001
45.8300001621		5.54869477233
46.2100000381		4.86960854094
47.2800002098		5.75346571137
48.1300001144		5.44717894737
48.9600000381		6.021387755099999
49.2699999809		6.66575784753
49.5300002098		6.410074074060001
49.8900001049		7.17186813186
51.5199999809		8.44233616299
52.3800001144		6.80792755497
53.2000000477		4.46739528432
54.2599999905		5.07399173553
54.9700000286		6.42844299675
56.0700001717		5.48230267062
56.8600001335		4.74949927641
57.6700000763		5.02616155989
58.7699999809		4.61641310823
59.7699999809		5.11652480706
61.0		4.00662312444
61.9900000095		4.16446153845
62.7900002003		6.6678749999999996
63.3300001621		9.428487804869999
64.0300002098		7.54885008237
64.6400001049		7.2106976744099995
65.3300001621		7.41404326122
65.870000124		8.84515436241
66.4200000763		9.36219130434
66.9600000381		7.020373333319999
67.7699999809		6.631744089000001
68.3100001812		6.175982142870001
68.9300000668		6.729272727270001
69.6600000858		6.856313971740001
70.5300002098		6.18355840821
71.370000124		5.72337181209
72.2400000095		5.40580891719
72.7599999905		6.12525874125
73.7400000095		6.16569405816
74.7000000477		5.4551778291
75.4200000763		6.1532952381
76.1400001049		5.731880314950001
76.8600001335		6.97532484075
77.4600000381		8.27803592814
78.5600001812		5.04350695824
79.3800001144		5.71572815535
80.620000124		3.55046233767
81.9400000572		3.5078266557599997
83.3200001717		3.25178687259
85.4800000191		2.151533527698
87.0800001621		2.453753642385
89.8900001049		1.828626292467
92.5900001526		1.622167563414
95.3100001812		1.633014470679
98.0900001526		1.558401795735
99.5		3.17913629403
100.980000019		3.2691243709499997
102.170000076		3.7998973418999995
103.380000114		3.4998605898
104.25999999		5.5185436156800005
105.269999981		4.87731877728
106.070000172		5.62445649072
106.890000105		5.60954347827
107.940000057		4.3252749999899995
109.630000114		2.4495678391949998
111.070000172		3.6220972326000003
111.950000048		5.31232040049
112.650000095		5.43863801652
113.060000181		4.41406451613
114.080000162		6.11657889009
114.74000001		7.2629052631499995
115.519999981		6.4233962264099995
115.860000134		5.99380645161
116.130000114		5.86684745763
116.560000181		5.91516616314
118.650000095		4.5787624309499995
119.53000021		6.6530063210999995
120.130000114		6.4939354838700005
120.900000095		7.1389883721
121.480000019		8.05523265306
122.220000029		8.606534161499999
122.680000067		8.89404878049
123.140000105		9.833198910090001
123.730000019		9.187209486179999
124.450000048		7.48498064517
125.0400002		9.13381086519
125.519999981		9.29642424243
126.2900002		6.954346666679999
127.0		6.936783034259999
127.75		6.9531896813400005
128.370000124		7.087085714280001
128.980000019		8.635348837199999
129.5		9.237813084119999
130.100000143		8.394947368410001
130.570000172		8.40204255318
131.450000048		6.05104568529
131.950000048		6.699370460039999
132.570000172		6.832800000000001
133.160000086		8.68284691848
133.7900002		8.92035555555
134.330000162		9.49646325168
134.930000067		8.33705304519
135.360000134		7.72863529413
136.28000021		5.90443583535
137.320000172		5.00973913044
137.99000001		6.68375172414
138.550000191		7.67878481013
139.360000134		6.1784259520500004
140.0400002		6.9702453781500004
140.970000029		6.06184946238
141.910000086		4.842585193890001
142.810000181		5.08151672862
143.78000021		4.89175826682
144.519999981		6.5490886469700005
145.360000134		5.88810638298
146.140000105		5.4248433382200005
147.170000076		5.28486659553
148.070000172		5.2303345724999994
148.880000114		6.0228876404400005
149.53000021		7.45189266546
150.190000057		7.271369527140001
150.890000105		7.38206493507
151.53000021		7.620749999999999
152.340000153		5.492768583449999
153.130000114		6.2808172662
153.950000048		6.06190502034
154.75		5.61644444445
155.480000019		6.47119749216
156.360000134		5.22955163727
157.200000048		5.25567654987
158.2900002		4.86707939697
158.830000162		9.53830112361
159.130000114		15.66845714286
159.310000181		15.91116279069
160.400000095		6.103296416940001
161.25999999		5.39746544979
162.630000114		3.4602971071199997
162.950000048		6.6065066666700005
163.200000048		6.44988819876
163.590000153		6.54822742476
165.25999999		8.26002657807
166.060000181		7.339648535549999
166.630000114		6.79534177215
167.769999981		4.695625239
168.580000162		5.47442995839
169.50999999		6.60620738976
170.220000029		5.35384013052
170.870000124		6.421323843420001
171.53000021		8.21330035335
172.2900002		6.926400000000001
173.090000153		6.45733143669
173.75999999		6.32540206185
174.50999999		7.0909123867199995
175.230000019		6.803596799999999
176.0		6.748382916060001
176.650000095		6.789635036489999
177.400000095		6.73087613292
178.080000162		6.6450151260600006
178.830000162		6.495638009039999
179.440000057		6.18232485324
180.420000076		5.32762458102
181.180000067		4.16066165415
182.230000019		3.7204774868999997
183.560000181		3.5335533980700005
184.99000001		3.6382114803600003
185.870000124		5.417931385019999
186.670000076		6.00220650636
187.110000134		7.422983050859999
187.820000172		7.943100977189999
188.400000095		9.56312550606
189.050000191		6.9722589928200005
189.720000029		6.2431286449500005
190.2900002		9.14510229645
190.850000143		8.86174358973
191.550000191		8.400278145689999
192.140000105		8.176666666680001
192.74000001		8.025017612520001
193.420000076		7.28365365024
194.03000021		8.1609767442
194.630000114		8.61450583659
195.220000029		7.500340080959999
196.019999981		6.96472573839
196.75999999		6.5137037037
197.470000029		6.905468599020001
198.080000162		8.104295719829999
198.660000086		8.37087096774
199.25		9.28031020407
199.78000021		9.337135135139999
200.2900002		9.414288461549999
200.840000153		9.46891106292
201.390000105		9.628499999999999
201.910000086		9.190545454559999
202.460000038		8.9948235294
203.019999981		8.815847133750001
203.560000181		8.80296162528
204.210000038		8.60167673178
204.880000114		7.30558347675
205.620000124		5.04658895706
205.960000038		5.53991902833
207.2900002		4.558909975680001
208.720000029		3.10334032983
210.100000143		3.44146189737
210.590000153		3.7161600000000004
210.870000124		5.5531122994799995
211.320000172		5.59405714287
213.390000105		6.35874168798
214.370000124		5.91960404949
215.180000067		4.46739528432
216.370000124		4.48140875913
217.220000029		5.22098412699
219.140000105		3.0420461031899997
