0.0		2.3191516314780003
1.86999988556		4.65298673739
2.21000003815		13.70634893616
3.15999984741		5.69133719583
4.50999999046		3.1779903381600003
8.29999995232		1.495576902321
10.3499999046		1.680442396314
12.2799999714		1.9785
13.8599998951		3.12414516129
15.4099998474		3.21154878894
17.0199999809		3.0122786994000004
18.1699998379		3.47628328611
19.6899998188		3.28954730202
21.7100000381		2.215866597186
23.2599999905		3.1492453608299997
24.629999876		2.913641346906
26.0999999046		3.22653149892
27.4600000381		3.1379238095099997
29.0399999619		2.905943319837
30.129999876		3.1750432160699997
31.5499999523		3.60682602117
32.8099999428		2.372933104632
34.6199998856		2.0814622144109998
36.3999998569		2.595051693405
37.8699998856		3.50072093022
39.4800000191		2.8033609467450002
41.7200000286		1.982045773002
43.1199998856		2.019781706379
45.8099999428		1.886678529981
47.7400000095		2.588593972602
49.1499998569		2.950210045662
50.4500000477		3.0205344398400005
52.0299999714		2.96983322034
53.3699998856		3.33920772948
54.8399999142		3.6819796806900005
56.1599998474		3.3641142857100004
57.5399999619		3.17890232559
58.9700000286		3.215946027
60.2400000095		3.5961263877
61.8199999332		2.989774476705
62.9600000381		3.5422256214
64.5999999046		3.2113618677
66.0499999523		3.1058719646700004
67.6099998951		2.947282474227
68.8899998665		3.51231703203
70.3599998951		3.03727286028
71.8299999237		3.2904138929099997
73.3199999332		2.961205714287
74.4700000286		3.7156963947
76.0499999523		2.9594359322040003
77.5899999142		3.11549790795
78.7799999714		3.5941148587200002
80.0899999142		3.39525
81.879999876		2.45405673759
83.6699998379		2.291252643948
85.7100000381		2.4898426735230004
87.5299999714		2.449246393536
88.8899998665		2.609338620144
89.5099999905		2.636531791908
91.5899999142		2.834662632375
92.8299999237		3.60929032257
93.8999998569		4.52527607361
94.2899999619		5.05599999999
94.629999876		4.153728
95.1799998283		4.21965517242
97.9800000191		3.3666459038700003
99.6099998951		3.4283570032499995
100.589999914		3.61503030303
102.079999924		3.51835530087
103.25		3.67510614525
105.0		3.3550895883900003
106.179999828		3.05009665428
107.460000038		3.0765421995
108.99000001		3.23052675468
110.319999933		3.77291707317
111.769999981		3.35018745387
113.069999933		3.06016957605
114.829999924		2.8346521739129997
116.419999838		2.855774345199
118.0		3.0670361445900003
119.179999828		3.45150278292
120.829999924		2.865491961414
122.349999905		2.780438818566
124.609999895		1.9947234830940002
126.289999962		2.004548223351
128.809999943		1.967900949237
130.179999828		2.182050473187
131.889999866		2.2041290322569997
134.099999905		2.062073654391
136.200000048		2.395321730481
137.99000001		2.533518716577
139.529999971		2.9489645587199997
140.75999999		2.313147887325
142.809999943		2.6621528384279998
145.059999943		2.186110134198
147.059999943		2.0510984126969998
148.619999886		2.487863294601
151.359999895		1.659281818182
153.589999914		1.935275781615
156.339999914		1.915352208381
158.629999876		1.886059496568
161.960000038		1.271166769995
167.210000038		0.837741066198
173.789999962		0.667152091254
180.419999838		0.6815231645369999
185.679999828		0.73940690481
190.859999895		0.9811610857949999
196.679999828		0.7596976241910001
201.50999999		0.9100797962639999
204.24000001		1.581476082006
207.359999895		1.3734541845839998
210.669999838		1.422380982171
215.409999847		0.8973350649360001
219.589999914		0.962246683047
223.99000001		1.0144475947020002
228.689999819		0.9705896154690001
230.369999886		2.493829222011
231.179999828		5.83138983051
231.819999933		7.60487912088
232.269999981		10.71349450548
232.809999943		10.95643438914
233.25		12.196965517229998
233.599999905		12.32350561797
233.819999933		11.49882352941
234.450000048		10.42882374768
234.919999838		10.83731937174
235.389999866		11.646631578960001
235.609999895		11.797333333320001
235.789999962		11.80036363635
236.019999981		13.985142857129999
237.289999962		12.24762561576
237.809999943		12.21004176333
238.179999828		11.628129963900001
238.700000048		11.556762352949999
239.109999895		12.107558282220001
239.659999847		12.12824507658
240.029999971		11.80541007195
240.429999828		11.64123870969
240.939999819		11.14802877699
241.50999999		9.79048101267
242.029999971		10.459686635939999
242.439999819		11.43286956522
242.939999819		11.73546
243.359999895		12.769513513499998
243.809999943		12.69294182826
244.189999819		12.785979381450002
244.629999876		12.84103746399
245.049999952		12.12817177914
245.50999999		11.5149946524
245.879999876		11.487883636349999
246.450000048		9.79101437373
246.819999933		9.8114893617
247.220000029		11.57347231269
247.689999819		11.55415873017
248.179999828		12.133481108309999
248.609999895		12.431230320689998
249.049999952		12.408070175430002
249.339999914		12.453725118480001
249.829999924		12.505292307690002
250.299999952		12.39943307088
250.689999819		12.545553398070002
251.069999933		12.682034843219999
251.50999999		12.808491228060001
251.919999838		12.8399256966
252.470000029		11.12668421052
252.929999828		11.19847826088
253.359999895		12.0967079646
253.799999952		12.15317847024
254.24000001		12.03161142858
254.700000048		12.131112328770001
255.079999924		12.6026122449
255.549999952		13.31161290324
255.960000038		13.357215189869999
256.389999866		12.538877192969998
256.809999943		12.50933333334
257.230000019		12.468324324329998
257.689999819		12.4244590164
258.109999895		12.4870120482
258.50999999		12.715402597409998
258.939999819		12.68944186047
259.399999857		12.27369230769
259.809999943		12.321075
260.25		11.69581869687
260.710000038		11.37606575343
261.149999857		11.078727272730001
261.689999819		10.76165333334
262.179999828		10.74568101267
262.569999933		10.82360526315
262.789999962		10.86
263.419999838		10.50679626168
263.909999847		10.37557894737
264.429999828		10.221062355659999
264.669999838		10.46805633804
264.859999895		10.08186407766
265.139999866		10.58335135134
266.49000001		10.904684210520001
267.059999943		10.94080665282
267.5		9.25572413793
268.169999838		8.55683623692
268.599999905		11.34213793104
269.179999828		11.265463414620001
269.559999943		11.51545263159
269.970000029		11.49294267516
270.460000038		11.53530521091
270.950000048		11.63079699249
271.409999847		12.10534400001
271.809999943		12.27128000001
272.299999952		11.706194513729999
272.779999971		10.87531457802
273.309999943		10.48547368422
273.779999971		9.921920000010001
274.289999962		10.53390070923
274.710000038		11.94496676736
275.159999847		11.89670718231
275.50999999		12.437669291339999
275.980000019		12.4822617801
276.299999952		11.97766233765
276.700000048		11.49856310679
277.179999828		11.49334736841
277.639999866		13.05417886179
278.049999952		13.039486238520002
278.49000001		12.408070175430002
278.789999962		12.394981132080002
279.269999981		12.31581818181
279.75		12.302562500009998
280.149999857		12.3457834395
280.559999943		11.40985579938
281.039999962		11.319131782949999
281.50999999		10.74429015543
282.079999924		10.57035
282.569999933		10.354371859290001
283.059999943		10.25196
283.619999886		9.18644967879
284.189999819		8.92174576272
284.689999819		10.66953253011
285.129999876		10.77083720931
285.629999876		11.81842482099
286.079999924		12.05965714287
286.559999943		10.99563076923
287.039999962		10.54584303798
287.559999943		9.74636619717
288.139999866		9.29928834357
288.689999819		9.032000000010001
289.210000038		9.08664501159
289.779999971		9.075193347179999
290.349999905		9.21159587628
290.769999981		11.84007207207
291.220000029		11.86386206898
291.730000019		9.793075471709999
292.220000029		9.62891851851
292.730000019		11.69744927535
293.179999828		11.88947899161
293.549999952		11.87861371842
293.75		11.89878260871
294.309999943		11.88400845666
294.720000029		13.31143408359
295.139999866		13.41127272726
295.329999924		13.763555555549999
295.519999981		10.93086315789
295.779999971		11.12454545454
297.789999962		12.96899463327
298.460000038		10.739853061229999
298.899999857		9.15054545454
299.579999924		8.35310204082
300.279999971		6.4812216748800004
