0.0		9.640515957449999
0.799999952316		8.52921880065
1.25		8.87325619836
1.87999987602		9.07878743067
2.5		7.461368620050001
3.41999983788		6.759278048790001
4.03999996185		6.26317557252
4.66999983788		6.6953320964700005
5.41999983788		7.36723930269
6.13999986649		7.82578077573
6.92999982834		7.2632064
7.65999984741		6.779712707190001
8.39999985695		7.823640000000001
8.99000000954		8.57308064517
9.64999985695		8.06716901409
10.2200000286		7.751499999989999
10.9199998379		7.35287128713
11.6399998665		6.285825119250001
12.3499999046		6.979915721219999
12.8399999142		7.917714285720001
13.5		8.36530526316
13.9099998474		8.56606811145
14.3599998951		9.924737430179999
14.879999876		10.20437383179
15.4800000191		9.48226771653
16.0199999809		9.37123516485
16.6199998856		8.40308910891
17.0199999809		8.50400000001
17.7300000191		7.943100977189999
18.379999876		8.39109058614
18.9099998474		8.83046924829
19.4199998379		8.8129394673
20.0099999905		8.83166129031
20.6399998665		7.78104315198
21.4399998188		7.076384937239999
22.1599998474		6.551732909369999
22.8699998856		6.70062745098
23.5899999142		6.74539622643
24.2799999714		7.0537085427
24.9500000477		7.6474196891099995
25.6499998569		6.094026315779999
26.4700000286		6.802087912080001
27.1399998665		7.366282722509999
27.8599998951		6.7214670846299995
28.5399999619		7.0484060913599995
29.2100000381		7.158537931020001
29.9500000477		7.116356807520001
30.6899998188		6.397666666680001
31.4099998474		6.18695734596
32.2899999619		5.54659212198
33.2999999523		4.86669281046
33.9600000381		6.880879581149999
34.8999998569		4.85720470587
36.1399998665		3.64553467953
36.9399998188		5.47712359551
37.5499999523		9.22427428572
38.0799999237		9.66866514807
38.6399998665		6.97113559323
38.9299998283		7.05340206186
39.8299999237		6.94825216317
40.5399999619		6.66643478262
41.3199999332		6.37711815561
41.6599998474		6.117135802470001
41.9299998283		6.00249710982
42.2799999714		7.36060150377
44.2300000191		5.17433506764
45.129999876		6.51302970297
45.8099999428		5.51539726026
46.7000000477		6.162639899609999
47.3899998665		6.5894223706199995
48.2799999714		6.98061460956
48.7999999523		7.5446068965599995
49.3699998856		7.613468354429999
50.0499999523		7.799879194619999
51.0		5.47250943396
51.7899999619		6.448159090920001
52.3999998569		7.05245977011
53.1199998856		7.498696485630001
53.7599999905		7.74544262295
54.4399998188		7.77954499152
55.0099999905		7.8662156448300005
55.9500000477		5.28569395017
56.7300000191		5.76353352771
57.5199999809		6.152297142870001
58.1099998951		6.3950769230699995
58.9199998379		6.622533333330001
59.4700000286		6.0018221258099995
60.1799998283		5.77732682928
61.0999999046		5.27472463767
61.9800000191		6.112934010150001
62.7599999905		6.19754651163
63.6099998951		5.62806366048
64.1599998474		5.61482051283
65.0699999332		6.7737
65.9900000095		5.6374510739999995
66.6899998188		6.428815920390001
67.3099999428		6.93284571429
67.9700000286		7.6315400697
68.7000000477		6.44991601866
69.5999999046		6.287197026029999
70.3599998951		6.21574660632
71.129999876		6.030564705869999
71.9199998379		6.14623495701
72.5899999142		7.323589565219999
73.3499999046		6.658430075190001
74.1599998474		5.167598326349999
74.8999998569		7.59496932516
75.5999999046		6.99980099502
76.3299999237		6.648520930229999
77.0899999142		6.2080596125100005
77.7200000286		7.74617910447
78.4399998188		7.28742307692
79.129999876		6.967542857130001
79.629999876		9.45976811595
80.2000000477		9.09410000001
80.9199998379		7.17114606741
81.5599999428		7.12973598552
82.2100000381		7.47939130434
82.75		9.12585494505
83.3599998951		7.57225631067
84.2699999809		5.90578536585
85.0499999523		6.13373410404
85.5599999428		7.85292601431
85.8199999332		7.86413793102
86.629999876		7.80713333334
87.2599999905		7.66640000001
87.9600000381		7.32735099339
88.2300000191		8.07860869566
88.4399998188		8.58208264464
88.7599999905		8.6251982379
90.4299998283		7.626588957059999
91.2400000095		7.29892926492
91.7899999619		7.063578947369999
92.5199999809		7.73484094488
93.0899999142		8.29215126051
94.0799999237		6.12442872927
94.7000000477		6.1574183865
95.3999998569		5.98471641792
96.2699999809		5.96755840821
97.0999999046		6.296727272729999
97.8899998665		6.5505108225
98.5599999428		6.44725744308
99.379999876		6.43920987654
100.119999886		6.51186523737
100.809999943		7.6624615384500006
101.419999838		7.22469902913
102.149999857		6.9297667185
102.74000001		7.9552997988000005
103.439999819		7.04845826514
104.049999952		6.122418604650001
104.829999924		6.89049710982
105.309999943		7.22412532638
105.859999895		7.77473960613
106.5		7.85516546763
107.220000029		7.731929373989999
107.970000029		6.50978931297
108.519999981		9.22513043478
108.869999886		10.10667692307
109.519999981		8.740258064519999
110.189999819		8.061747440280001
110.700000048		9.22994285715
111.200000048		8.987022222210001
111.909999847		7.065329032260001
112.529999971		7.9602610364699995
113.25999999		7.9277625
114.0		6.39913043478
114.849999905		5.37455307996
115.75		5.28985450062
116.559999943		5.93107605633
117.339999914		6.39863583816
118.029999971		6.15476411961
118.929999828		6.08343980343
119.779999971		5.62034620506
120.669999838		5.38730653266
121.49000001		5.7377520661200005
122.24000001		6.24353684211
123.179999828		5.38785781992
123.869999886		6.8637218543100005
124.579999924		6.3371262135899995
125.359999895		6.3818245614
126.069999933		7.194241545900001
126.829999924		5.9468235294000005
127.450000048		7.731505617990001
127.99000001		9.33093033708
128.549999952		8.27964331209
129.25		7.99132673268
129.879999876		7.94858426967
130.349999905		8.70469841271
130.579999924		9.636338028179999
131.460000038		8.01873894438
132.079999924		7.73804859813
132.75999999		7.591286449410001
133.039999962		7.74200000001
133.279999971		6.92288000001
133.659999847		6.8940845070300005
135.599999905		5.66993842644
136.649999857		5.49324425886
137.25		6.31567058823
137.980000019		7.6505046729
139.200000048		3.50538543516
140.829999924		3.5990961039
141.869999886		3.50630769231
143.129999876		3.08706928998
145.200000048		2.353786329114
146.409999847		4.1808
147.319999933		5.53598048781
148.099999905		5.32761794502
148.839999914		7.27780465116
149.599999905		6.3466388059800005
150.450000048		6.03709090908
151.109999895		6.52757894736
152.039999962		5.36202166065
152.75999999		6.255987341759999
153.579999924		5.93196694215
154.24000001		5.56191549297
155.129999876		5.99776603773
155.579999924		7.75025210085
156.129999876		7.7240347826099995
156.919999838		6.27510344829
157.889999866		5.46764131668
158.669999838		6.21561516036
159.439999819		6.32423248881
159.980000019		5.83941333333
160.809999943		6.54639463086
161.50999999		7.77003947367
162.039999962		8.91166896552
162.5		9.9446557377
163.00999999		10.14005555556
163.730000019		6.60397452228
164.629999876		6.31851556662
165.339999914		6.62546623794
166.099999905		6.17587951806
167.0		5.2510061199599996
167.929999828		5.05529891958
168.74000001		6.14127045771
169.429999828		6.18558931554
170.399999857		5.6144217687
171.25		5.62784000001
172.169999838		5.13568383234
173.089999914		5.0553495145500005
173.75		7.3356042402899995
174.519999981		6.70700884956
175.309999943		5.92241142858
175.980000019		6.7639792746
176.869999886		5.42256894411
178.049999952		4.10627205882
178.799999952		6.0471533742300005
179.569999933		6.13465676076
180.389999866		5.719371900840001
181.279999971		4.8807409261500005
182.299999952		5.2128568353
183.179999828		5.44870860078
183.819999933		5.93930685921
184.149999857		5.949391304340001
185.109999895		6.45365786451
186.029999971		5.011932203400001
187.109999895		4.50684317718
187.519999981		4.55970552147
187.849999905		4.476
188.389999866		4.36062360801
191.279999971		3.2865406477200003
193.049999952		3.1343228112
194.149999857		3.2017813121400005
196.679999828		2.026247524752
199.379999876		1.5169346656409999
