0.0		6.34266666666
1.0		6.43340831295
1.58000016212		6.613946611919999
2.5		5.91049819494
3.3900001049		5.1194085603
4.73000001907		5.0295898366500005
5.37000012398		5.96709818181
6.05999994278		6.01464
6.90000009537		6.214877005349999
7.79999995232		5.71513300494
8.62000012398		6.313635605010001
9.28999996185		6.32540206185
10.1700000763		5.99512643679
11.1400001049		4.89326582277
12.1300001144		5.06315138121
12.8199999332		6.21155258766
13.6000001431		6.44839363242
14.2400000095		7.28137016574
14.8500001431		8.25020689656
15.3400001526		7.977696969689999
16.0299999714		7.933816971720001
16.6000001431		5.91205128204
17.3199999332		5.62192405062
18.1700000763		5.8155419440800005
18.870000124		7.92268421052
19.6300001144		6.36404776119
20.4200000763		6.09706896552
20.9400000572		6.09683526681
21.8400001526		6.0210666666599995
22.6900000572		6.24066578601
23.4900000095		5.45996619717
24.2899999619		5.1554447592
25.1300001144		5.879871140940001
26.0699999332		4.90224113475
27.0800001621		5.49704008668
28.2400000095		3.89512287336
29.0099999905		6.0483539823
29.8199999332		5.98336401675
30.5900001526		6.201861561119999
31.3600001335		6.5404076809500005
31.9700000286		7.1666692456500005
32.8900001049		6.02423357664
33.6400001049		6.318682634729999
34.3800001144		6.59737846155
35.0800001621		6.9081393034800005
35.8600001335		5.99993063583
36.6900000572		6.178467391289999
37.4400000572		6.31002739725
38.1500000954		6.34739708265
38.9500000477		6.165491525429999
39.6400001049		7.48345728642
40.2100000381		8.14616528925
40.7699999809		8.76565605096
41.3500001431		8.54375308641
41.9300000668		7.974871165650001
42.7400000095		6.71670457698
43.6500000954		5.220841328400001
44.4100000858		4.88911738485
44.6800000668		7.477377049169999
45.5299999714		7.45508753316
46.1900000572		7.37942245989
46.7999999523		8.4783908046
47.0599999428		8.69277192981
47.2799999714		8.58208264464
47.6700000763		6.659591836740001
49.5299999714		6.33444076434
50.3400001526		7.329426183840001
50.9100000858		6.724409185799999
51.7200000286		6.74673626373
52.3900001049		6.912546409800001
53.2200000286		7.51030894308
53.7300000191		7.77702369669
54.2899999619		7.79434989201
55.0499999523		6.876816568050001
55.870000124		6.42754570638
56.6500000954		6.60772052403
57.2599999905		7.16222568093
58.2000000477		5.52907420494
59.1900000572		4.7352427616999995
60.0499999523		5.9508467532600005
60.7400000095		6.170348258699999
61.5599999428		6.1122633744899995
62.2799999714		6.2461042653900005
63.0499999523		6.370721893499999
63.7300000191		5.400287179499999
64.8600001335		4.60253281854
65.5299999714		4.82869109949
66.3199999332		5.01844067796
67.2200000286		5.45934
68.2799999714		5.00206853583
69.0199999809		6.53974233129
69.8099999428		6.10584172662
70.3900001049		5.3193036437100005
71.5699999332		4.90650301812
72.5199999809		5.570971698119999
73.2799999714		5.760142644869999
73.9800000191		6.026066225159999
74.8099999428		5.93564227641
75.6300001144		5.63491304349
76.6900000572		5.2796753382
77.5199999809		5.56145748987
78.3900001049		5.25741538461
79.1700000763		6.26287883211
79.9700000286		5.93944146684
80.8500001431		5.619106598969999
81.5800001621		5.84411356467
82.3900001049		6.87766666668
83.1300001144		6.54399999999
83.9300000668		6.07407365439
84.7699999809		5.5246790451
85.6100001335		5.63358480327
86.6600000858		4.70740372671
87.4700000286		5.83899718311
88.2400000095		5.75087224671
89.1400001049		5.3890962963
89.9900000095		5.96478504672
90.6300001144		7.1040432432300005
91.4400000572		5.74217524338
92.2899999619		5.50698143235
93.2100000381		4.69279422384
94.3500001431		4.61213714286
95.4100000858		4.3758185567100005
96.1800000668		4.84591458027
96.5399999619		5.22274809159
97.9700000286		4.21690622655
99.0299999714		4.27229721363
100.319999933		3.7035313807500003
100.819999933		3.67028148147
101.24000001		3.1659512195099997
102.0		2.971047040971
105.630000114		2.450732380482
107.5		2.979913929786
109.620000124		1.5866955665009999
112.779999971		1.602487438824
118.019999981		0.7733275862069999
120.200000048		2.793653225805
121.450000048		2.841475324674
122.630000114		3.2926861314
124.069999933		3.4640298062699997
125.640000105		3.1590796460099995
127.170000076		3.1856168421
128.830000162		2.346325047801
131.75		1.662246458925
133.880000114		2.092641732282
135.519999981		2.961959922432
137.130000114		2.483791722297
138.610000134		3.23355587808
139.75		3.7762979942699997
140.910000086		4.07051795841
142.029999971		3.0881407624499997
143.5		3.44524855491
144.430000067		3.32953068591
145.590000153		3.3487803958500004
147.220000029		2.830506804924
148.660000086		3.6028362004499996
149.769999981		4.20919249752
150.75999999		4.68901657458
151.519999981		3.98141818182
153.080000162		3.3132228261000005
154.180000067		4.7383991976
155.50999999		3.12123671499
157.110000134		2.426496
158.769999981		2.811620025675
160.039999962		3.52961361702
162.069999933		2.620747933884
163.75999999		2.5740412242360002
165.24000001		2.96728219971
167.370000124		2.116463739516
169.720000029		1.8724161849719998
172.309999943		1.7761155234659998
174.080000162		2.213362007169
176.0		2.705967213114
177.670000076		2.691887755101
179.180000067		3.03274115982
180.960000038		2.483964221826
183.029999971		2.102254177215
185.470000029		1.953329896908
187.130000114		2.655789878283
188.789999962		2.5056583493280002
189.860000134		4.47250819671
190.900000095		4.77310256409
191.769999981		5.0483277849
192.880000114		4.05961061946
193.900000095		4.48893405405
194.950000048		4.079196652709999
196.180000067		4.255486818990001
197.380000114		3.8377432188
198.190000057		4.58269637883
198.559999943		4.99401459855
200.130000114		3.80320433019
201.470000029		3.31453642914
203.75999999		2.0199543587399997
204.410000086		2.659148479428
204.940000057		2.381724770643
205.860000134		2.3589397590359997
208.920000076		3.4152032966999997
210.620000124		3.2666219739300004
211.799999952		2.993486988849
213.610000134		2.852278745646
215.110000134		2.83553448276
216.819999933		3.43408178439
217.799999952		3.72943636365
219.059999943		3.1110206896499997
220.390000105		3.7459532634899997
221.799999952		3.51567272727
222.930000067		4.4072854368900005
223.809999943		4.62485427135
225.049999952		4.08901045296
226.330000162		3.6097181663699995
227.75999999		3.42975449103
228.930000067		3.44830398516
229.789999962		5.749470967740001
230.920000076		3.80904046242
232.130000114		3.8938589511899995
233.100000143		3.5940477815699996
234.440000057		3.8422433521499997
235.230000019		3.96964131993
236.25		3.8204903225700004
237.5		3.76831061259
238.50999999		5.3167682119199995
239.330000162		5.9220999999899995
240.220000029		5.28463262766
240.730000019		6.286449760769999
242.00999999		4.1191418919
243.190000057		4.35810332103
244.319999933		3.7131954023100002
245.200000048		4.684355212350001
246.279999971		4.46079837066
247.170000076		5.21017085427
248.150000095		5.72660045148
249.059999943		5.0256585366
250.400000095		3.5566209887399998
251.470000029		4.3910665302
252.539999962		4.28389013226
253.75999999		3.92192736936
255.370000124		2.447270805813
257.0		3.2197139141699997
259.289999962		1.9185818181810002
261.470000029		2.0636650625610002
263.580000162		2.0672992555830003
265.370000124		2.461145228217
266.769999981		3.4765688073299996
267.900000095		4.01325072603
268.779999971		4.95739746834
269.650000095		5.61075578406
270.5		5.925230769240001
271.299999952		5.5375617977400005
272.650000095		3.3108452285400003
275.190000057		1.6989623567910002
277.029999971		2.24508462867
278.380000114		3.85876015935
279.450000048		4.31794913529
280.190000057		5.1172255054499995
280.569999933		4.67017064847
281.830000162		4.82915463918
282.809999943		4.6672559188200005
283.980000019		4.12462255359
284.410000086		4.3591319648099995
284.840000153		3.1659512195099997
285.519999981		3.3128934010199997
288.200000048		3.73313513514
289.710000038		3.7217312588400002
290.840000153		3.1090656370799996
292.440000057		3.2505784248899996
293.920000076		2.858120202753
