0.0		3.30130601094
2.5600001812		2.298047161572
4.30000019073		2.479593533487
5.92000007629		3.21862647444
7.25999999046		3.18825848142
9.23000001907		2.9607948717959998
10.2599999905		3.5327276641500003
11.5500001907		3.0199029288599997
13.0199999809		3.39571073775
14.6900000572		2.937144303798
16.0		3.71481505728
17.3000001907		3.0475033112700003
18.9800000191		2.950461345066
20.2599999905		3.58536930861
21.7200000286		3.3642819383400004
23.3400001526		2.441417322834
25.370000124		2.301570247935
27.0299999714		2.539360308285
28.8900001049		2.427625704621
30.2200000286		2.555961165048
32.1400001049		2.6387515218599997
33.1400001049		3.08111358576
34.2200000286		3.58532391525
35.3000001907		4.43398172589
36.4600000381		4.552922495280001
37.5800001621		4.15181304771
38.9300000668		3.3894249201299997
39.75		3.60952747254
41.2799999714		3.41770427469
42.6800000668		3.60900229182
43.9100000858		3.4245371024700004
44.9600000381		3.81524528301
46.370000124		3.3261230068199996
47.8100001812		3.0675266272200004
49.5700001717		3.0546465984299997
50.8500001431		3.4688888889000005
52.0199999809		3.8040667903500003
53.4200000763		3.3102407407500003
54.9300000668		2.971816513761
56.5900001526		2.831109974424
57.9600000381		2.89692572322
59.6300001144		3.14008877616
60.9800000191		3.38482758621
62.620000124		2.777393782383
64.2699999809		2.6840257731959998
66.5099999905		1.9302426778229997
68.9000000954		1.9970803689060002
71.0199999809		2.05435480674
72.9200000763		2.174538589671
75.0800001621		2.107758570738
77.1700000763		2.2349294647319997
78.7799999714		2.628495999999
80.3200001717		2.875086350976
82.0399999619		2.538058679706
83.6800000668		2.527357096566
85.7699999809		2.4165389221559996
87.9700000286		2.0279713330140003
89.4800000191		2.3435726495730003
90.120000124		2.529316081332
93.620000124		1.652789179653
95.8000001907		1.986495201537
98.1400001049		1.983738233976
99.0500001907		1.8488358208950002
99.7200000286		1.8186199649730002
100.970000029		1.7055052264800001
110.289999962		0.7838171500619999
118.100000143		0.6865659491189999
123.090000153		0.686339654805
129.279999971		0.805844790813
133.560000181		0.970271386431
141.320000172		0.724902955794
143.99000001		1.346146021329
146.320000172		1.623384615384
149.700000048		1.416431444241
153.49000001		1.256957746479
159.130000114		0.821480998914
162.720000029		1.099905587094
168.890000105		0.775001485884
171.300000191		2.016238975818
172.450000048		4.31871065034
173.060000181		7.10061068703
173.600000143		10.035675675690001
174.060000181		10.77325340598
174.519999981		11.79892602741
174.860000134		12.244837209300002
175.360000134		11.71553808354
175.720000029		10.52030418252
176.150000095		10.41951906159
176.620000124		11.58480636606
177.130000114		11.60720963856
177.529999971		13.45082649843
177.930000067		13.913311475399999
178.210000038		13.977319148940001
178.700000048		12.25392964824
179.180000067		12.2706077922
179.610000134		11.57186865672
180.019999981		11.62857507987
180.480000019		11.807288409689999
180.920000076		12.16215835776
181.440000057		11.966433962250001
181.880000114		11.7075
182.320000172		11.68314529914
182.860000134		9.750163636349999
183.380000114		9.86197658079
183.860000134		11.411999999999999
184.269999981		11.50673291925
184.75		12.86212987014
185.170000076		12.829422492389998
185.600000143		12.76278571428
186.019999981		12.817255384620001
186.440000057		12.543661631430002
186.930000067		11.54150253807
187.380000114		11.483900277
187.870000124		9.815398496250001
188.410000086		9.87594570135
188.890000105		11.514494845349999
189.320000172		11.52849122808
189.74000001		12.51098181819
190.170000076		12.357928571430001
190.580000162		12.419464968149999
191.050000191		12.48129896907
191.49000001		12.48395294118
191.840000153		12.46354545456
192.039999962		12.553761467880001
192.580000162		12.57524832216
192.99000001		12.85669565217
193.420000076		12.82817391303
193.650000095		11.34705343512
193.830000162		11.047148936160001
194.100000143		11.18811428571
196.180000067		12.07271940051
196.769999981		12.930044226029999
197.100000143		13.365112033199999
197.570000172		13.06282978722
197.970000029		12.490708860749999
198.50999999		12.48335135136
198.860000134		12.57434482758
199.24000001		12.44408275863
199.700000048		12.530264150939999
200.160000086		12.67947540984
200.610000134		12.540066298350002
201.00999999		12.190013245020001
201.480000019		12.2244375
201.950000048		11.339328
202.440000057		11.31395555556
202.880000114		10.78469565216
203.380000114		10.76289855072
203.840000153		10.802688524579999
204.330000162		10.73967082293
204.730000019		10.46082119205
205.279999971		10.32083116884
205.640000105		10.28565055761
206.080000162		10.20993103449
206.590000153		10.27640470587
207.100000143		11.46902857143
207.560000181		11.493024258750001
208.039999962		10.908894601530001
208.370000124		10.994711297070001
208.970000029		9.56287058823
209.580000162		9.15539534883
210.00999999		11.36825806452
210.420000076		11.3742
210.900000095		11.37793246752
211.350000143		11.58462569832
211.880000114		11.47911312216
212.320000172		11.67433427763
212.75999999		11.783862068969999
213.200000048		12.292469914049999
213.640000105		12.205982608710002
214.130000114		10.879253071259999
214.560000181		10.86559530792
215.150000095		9.92368737474
215.670000076		9.95490566037
216.279999971		9.81303432495
216.720000029		11.93583954156
217.150000095		12.505879518059999
217.600000143		12.39060490464
218.050000191		11.483900277
218.480000019		11.55263716815
218.920000076		12.507644699130001
219.360000134		12.987279069779998
219.75		12.88478431374
220.170000076		12.473184290039999
220.590000153		12.46926126126
221.0		12.26324528301
221.49000001		12.322503816780001
221.940000057		11.7577396122
222.320000172		11.42491666668
222.529999971		11.59627118643
223.140000105		10.74786998088
223.620000124		10.58786700768
224.150000095		10.221062355659999
224.380000114		10.46805633804
224.580000162		10.28150495049
224.880000114		9.413076923070001
226.300000191		10.64782869378
226.870000124		10.94080665282
227.230000019		12.108992481209999
227.730000019		12.03829411764
228.190000057		10.61038709676
228.810000181		10.49736363636
229.25		9.35015384616
229.730000019		9.25329230769
230.340000153		9.06184795323
230.950000048		9.06384375
231.539999962		9.079008
231.99000001		10.28319553074
232.480000019		11.79443216079
232.950000048		11.13153926703
233.50999999		9.646635789480001
233.960000038		10.33533333333
234.430000067		11.9140106952
234.850000143		11.87322522522
235.310000181		11.83134065934
235.670000076		11.83208988765
236.130000114		12.92201626017
236.430000067		13.43126213592
236.779999971		13.40775849057
237.269999981		11.08495431471
237.789999962		11.0735448276
238.180000067		14.165820598019998
238.570000172		14.098205980080001
238.850000143		14.05206417111
239.380000114		10.98437837838
239.910000086		10.86019310346
240.420000076		9.14286792453
240.910000086		9.07666832919
241.680000067		6.451405007369999
242.390000105		6.810009852209999
243.200000048		7.00796685084
243.860000134		7.293876106199999
244.640000105		5.9004086331
245.450000048		5.9917206703799994
246.170000076		6.66307594938
246.820000172		8.05064727273
247.430000067		7.11164683302
248.5		5.027329949249999
249.49000001		4.71606703911
250.330000162		5.71011451398
251.220000029		5.23975849056
252.300000191		4.21517969544
253.50999999		4.07104028649
254.49000001		4.7003265306
255.370000124		4.96368060837
256.370000124		4.77067540983
257.370000124		4.9420619469
258.080000162		6.27825477708
258.850000143		6.125554896150001
259.680000067		5.65703542233
260.49000001		5.39379253113
261.550000191		5.03927575443
262.460000038		5.18259340659
263.110000134		5.8443623445899995
263.450000048		5.72535564855
264.5		5.86757411274
265.269999981		6.08802352941
266.100000143		5.94854838711
266.440000057		6.117135802470001
266.700000048		5.96799999999
267.120000124		6.04296296295
268.850000143		7.522747352490001
269.769999981		6.39432320778
270.420000076		5.71097872341
271.370000124		5.75131615926
272.039999962		6.9246736842
