0.0		4.10513476785
2.50999999046		2.268331034484
3.47000002861		4.00620895521
5.0		3.79275984555
6.49000000954		3.81358840581
7.5600001812		5.70227160495
8.29000020027		5.15212558869
9.29000020027		3.9964385382
11.2900002003		2.442841828692
12.7300000191		3.44264688426
13.75		4.91288311689
14.6700000763		4.4141294964
15.7300000191		4.90510344828
16.6100001335		5.42378571429
17.6100001335		5.06315138121
18.3300001621		5.86864353312
19.1900000572		5.83989515073
20.3600001335		3.64740221403
21.6000001431		3.78436555359
22.4100000858		4.42460504202
23.5700001717		4.4521232493
24.4100000858		3.69898395723
25.4100000858		3.96989497206
26.4500000477		4.587680672279999
27.3800001144		5.72089311165
28.0299999714		7.641419354850001
28.7000000477		7.291340206199999
29.1500000954		7.3606050420299995
29.870000124		7.741371428579999
30.4900000095		8.98133840304
30.9900000095		9.43205839416
31.5900001526		7.108875
32.3100001812		7.03130658105
32.9800000191		7.15051034484
33.8600001335		6.422491139250001
34.5600001812		6.82291390728
35.25		6.74471052633
36.0900001526		5.76622580646
36.870000124		6.1118490566100006
37.6300001144		6.658430075190001
38.2699999809		6.72444283122
39.1800000668		6.068529411750001
39.8400001526		7.48382978724
40.6300001144		6.14369054442
41.4200000763		5.90866382979
42.1100001335		6.919919999999999
42.8800001144		6.75683803863
43.5400002003		7.2477062937
44.1500000954		7.63419883041
45.1000001431		5.06988153309
46.3600001335		3.8447710843499996
47.1100001335		5.9468235294000005
48.1500000954		4.34592
49.7200000286		2.8131869918700003
51.3400001526		2.550498364944
52.5		4.52170308123
53.3100001812		5.89520000001
53.8300001621		7.7603207547299995
54.0900001526		7.774772727269999
54.9900000095		6.99146268657
55.7699999809		5.99979130434
56.5700001717		6.233408450699999
56.8600001335		7.432320000000001
57.1000001431		7.31290140846
57.4800000191		6.72824742267
59.2200000286		7.522747352490001
60.120000124		6.545432835810001
60.6500000954		7.2873122172
61.3900001049		7.5447373272
62.2799999714		4.94619548871
64.5700001717		2.523956284152
65.4500000477		4.13859268599
66.2799999714		4.97077685949
67.1300001144		6.07676862744
67.9400000572		6.4814078212199995
68.7000000477		6.79566467067
69.3200001717		6.919894736849999
70.1700000763		6.209238095249999
70.9600000381		6.109551724139999
71.8300001621		5.84458163265
72.5400002003		6.02058252426
73.1300001144		8.89389221556
73.7799999714		7.06032857142
74.6500000954		5.57850777201
75.2599999905		6.02894656488
76.1600000858		5.95283895132
76.6700000763		6.52556603775
77.25		7.3258886597999995
77.8400001526		8.71750898205
78.4500000477		9.42659882583
79.5199999809		4.33324390245
79.9500000477		12.48105882354
80.25		12.63334615386
80.8900001049		10.53361555077
81.3400001526		12.837456521730001
81.7699999809		11.74719999999
82.1800000668		11.233777777770001
82.6800000668		10.762909090920001
83.1800000668		9.945553956840001
83.8100001812		9.41329870131
84.3600001335		9.0175929978
84.9100000858		8.99294736843
85.4700000286		9.12781276596
86.0299999714		8.97881449893
86.620000124		8.94516363636
87.2300000191		7.04404562739
88.120000124		6.20541353382
88.8500001431		6.5643545878800005
89.4900000095		7.85402197803
90.0800001621		8.31458682636
90.6600000858		8.43892682928
91.2699999809		8.778671814660001
91.8100001812		9.35821218963
92.2699999809		10.36069841271
92.8200001717		9.70037333334
93.4200000763		8.69187548637
93.9600000381		8.78116703787
94.5199999809		8.8597081545
94.9800000191		11.252747967480001
95.4000000954		11.67578443113
95.9000000954		11.89863390663
96.3400001526		12.12726857142
96.7000000477		12.18657777777
96.8900001049		12.90905660376
97.4200000763		12.951926267280001
97.8500001431		12.140340175949998
98.3300001621		11.46559585491
98.5500001907		11.70444094488
98.7400000095		9.98492307693
99.0700001717		8.475844155839999
100.370000124		14.79921428571
100.830000162		13.996085106390002
101.180000067		12.53304280155
101.660000086		12.466050761430001
102.050000191		13.56379381443
102.550000191		13.51855609755
102.880000114		13.3955265306
103.25		13.316546125470001
103.690000057		13.3584137931
104.210000038		10.81745454546
104.720000029		10.83413842482
105.150000095		10.732897959179999
105.680000067		10.79122758621
106.279999971		8.224851063840001
106.880000114		8.96702935422
107.2900002		11.700377358479999
107.75999999		11.75683377309
108.110000134		15.324744186060002
108.480000019		15.326007117449999
108.779999971		15.41057560977
109.779999971		5.22258926616
110.49000001		4.59607973421
111.25		5.32692053973
112.180000067		5.15032075473
113.300000191		4.71329941293
114.279999971		4.75883035713
115.150000095		5.50396887159
115.600000143		7.31959888578
116.269999981		8.48185043478
116.900000095		8.73231792975
117.640000105		5.973152542379999
118.330000162		6.106953020130001
119.120000124		6.27579369627
119.840000153		6.55181042655
120.940000057		5.07884684685
121.680000067		6.26297872341
122.370000124		6.81193355481
123.070000172		7.0213944353399995
123.75999999		7.04191304349
124.210000038		12.40295798319
124.570000172		13.981766037749999
125.019999981		13.49297002725
125.450000048		12.599641791029999
125.880000114		12.575648093849999
126.279999971		13.35130769232
126.680000067		13.393393548389998
127.150000095		12.191292225209999
127.600000143		11.32701639345
128.050000191		11.03195492958
128.570000172		10.05799078341
129.120000124		9.8841238938
129.610000134		9.83227930176
130.100000143		10.09443520782
130.580000162		10.64683076922
131.029999971		10.83253333332
131.49000001		13.05321832884
131.910000086		12.98025688074
132.2900002		11.34612413793
132.5		11.49882352941
133.25		9.86164210527
133.700000048		11.31108196722
134.220000029		10.221062355659999
134.480000019		9.2904
134.680000067		9.10905263157
134.980000019		9.19211267607
136.410000086		10.40279497908
136.980000019		10.98648851775
137.390000105		10.09715360502
137.960000038		10.04422085889
138.480000019		9.39777142857
139.160000086		9.34672512648
139.590000153		9.568233236160001
140.070000172		9.47187401574
140.630000114		9.849
141.180000067		9.97997419356
141.710000038		10.5081111111
142.170000076		9.86966219838
142.820000172		8.39746690518
143.420000076		8.43699999999
144.050000191		8.45415498156
144.650000095		7.382380952369999
145.350000143		7.2217828200900005
146.0		7.201792349729999
146.940000057		5.0725653710100005
147.580000162		5.7335172413699995
148.49000001		5.82912469437
149.060000181		5.77628392485
149.610000134		7.86074336283
150.279999971		7.50424742268
151.170000076		6.06674055417
152.0		5.73877792731
152.769999981		6.2497201767299995
153.269999981		6.58580451129
154.00999999		7.45728440367
154.980000019		5.36839090908
155.710000038		6.095245283010001
156.350000143		6.67842935781
157.0		7.808385026729999
157.690000057		6.99375379428
158.620000124		6.06184946238
159.410000086		5.90406876792
160.019999981		7.88612307693
160.700000048		7.28365365024
161.360000134		7.362
161.970000029		8.531514450869999
162.529999971		7.95100429185
163.269999981		7.53716894976
163.890000105		8.02448669202
164.529999971		7.88289705882
165.160000086		7.69982994456
165.830000162		7.18330795848
166.600000143		6.67746255507
167.370000124		6.087647577089999
168.160000086		5.65945664739
169.060000181		5.40913011153
169.99000001		5.3440478469
170.779999971		5.57672418669
171.690000057		5.07201965601
172.74000001		4.34337238494
173.700000048		4.43653242321
174.840000153		4.65201152739
175.75		5.14490181819
176.519999981		4.9036900149000004
176.860000134		5.47344
178.080000162		4.9965653333399995
179.019999981		4.8876694215
180.350000143		3.5835789473699995
181.019999981		2.59417801047
181.519999981		2.5327609756109997
182.2900002		2.91357142857
188.700000048		3.29380645161
191.0400002		2.452249767009
192.840000153		1.883621052633
195.160000086		2.2244673913049997
196.860000134		2.47000250313
200.590000153		1.5252085855800002
