0.0		4.76638264299
1.69999980927		3.4805079365100005
2.51999998093		5.00154037266
3.32999992371		7.026643776809999
3.96999979019		7.18955191257
4.81999993324		7.36070119521
5.32999992371		7.77702369669
5.80999994278		9.34918134714
6.44999980927		8.45223272727
7.20999979973		6.926400000000001
8.03999996185		6.1594355495399995
8.66999983788		6.754833027509999
9.46999979019		6.69641084166
10.25		6.15375976845
11.1499998569		5.67098019801
11.9399998188		5.41589519652
12.7299997807		6.329318181810001
13.4499998093		6.346362760829999
14.3399999142		5.39675187969
14.9399998188		6.122418604650001
15.8599998951		5.8007591241
16.379999876		6.4797189695699995
16.8999998569		8.24374941996
17.6899998188		6.230345221109999
18.6799998283		5.37011371236
19.7099997997		4.57992696027
21.0499999523		3.3894249201299997
21.8499999046		3.73257954546
23.5699999332		2.992063803681
25.8899998665		2.1289698062189997
27.7099997997		2.240795375724
30.0899999142		1.591492785309
32.8999998569		1.615230088497
35.7699999809		1.496678455431
38.4699997902		1.957472222223
39.7199997902		3.55568593614
41.0199999809		3.42017014179
42.2099997997		3.91073108478
43.4499998093		3.69067835232
44.3099999428		5.79562303665
45.2099997997		4.6026931677
46.1099998951		6.11348148147
47.0399999619		5.05494610779
48.3999998569		3.3713018868
50.2199997902		2.42751048951
51.129999876		5.10695202951
52.0499999523		5.5186310679599995
53.0599999428		4.54073165388
53.7199997902		6.8587460595300005
54.4099998474		7.37359459458
55.1899998188		6.4190000000100005
55.9499998093		5.90231137725
56.629999876		7.02146938776
57.2599999905		7.849270321350001
58.2400000095		4.39156756758
59.0599999428		6.62482079343
59.8099999428		6.45067477203
60.3899998665		6.770320987650001
60.6499998569		8.145
61.4299998283		8.17025581395
62.0		8.64270563673
62.5699999332		9.29773109244
62.7999999523		9.97626845637
63.0		9.79652830188
63.2899999619		9.7896
64.8299999237		9.25984357542
65.5499999523		8.33998098258
66.0999999046		6.98696746203
66.8999998569		6.956974504260001
67.5499999523		7.0232455515900005
68.3899998665		7.380303595199999
68.8399999142		9.2448
69.3299999237		9.09013602015
69.9699997902		8.4676284153
70.7299997807		6.89552451708
71.5499999523		6.278705394180001
72.1799998283		6.817377777780001
72.8199999332		8.51939019963
73.3999998569		8.74948148148
73.9799997807		9.44773608246
74.5		8.65283720931
75.1599998474		7.69575129534
75.9499998093		5.6725738881
76.8899998665		5.03696842104
77.5199999809		5.92714446528
78.2400000095		7.64138461539
78.7799999714		6.24568848759
79.4199998379		6.390388489199999
80.1099998951		7.303464882929999
81.1999998093		4.8411979899599995
82.0899999142		5.30997758406
83.1099998951		4.59259740261
83.6399998665		5.98573120728
84.629999876		5.998848708480001
85.5499999523		5.7193510896
86.379999876		5.26708695651
87.1599998474		5.3134948904999995
88.0999999046		5.1963274021500006
88.7899999619		6.95855033556
89.5699999332		7.353286956509999
90.2199997902		7.30680851064
90.8599998951		7.566022140209999
91.5899999142		6.682355140199999
92.4299998283		5.6072756325
93.1899998188		6.5890714285800005
93.9499998093		5.5383677129999995
94.8499999046		6.08343980343
95.6699998379		5.82190344828
96.5899999142		5.17910144928
97.4900000095		5.16184386618
98.3699998856		5.25563544303
98.7599999905		15.51997269624
99.1099998951		15.58529323308
99.6399998665		8.880598639470001
100.479999781		5.89091497977
101.46999979		4.93115231787
102.589999914		3.8503359375
103.309999943		6.54298573692
104.00999999		6.8632462809899994
104.609999895		7.57225631067
105.289999962		8.2781948718
106.00999999		6.75882802548
106.699999809		5.47483527453
107.089999914		4.63850847459
108.24000001		5.328090995249999
108.9599998		6.52974132492
109.829999924		5.7551625487499996
110.189999819		5.40532363635
110.429999828		6.92288000001
110.75999999		8.19213389121
112.5		6.710574898800001
113.429999828		6.279866348460001
113.979999781		7.0791032967
114.789999962		6.87902521008
115.4599998		6.781896907229999
116.369999886		6.792411764700001
116.949999809		6.7668123711299994
117.589999914		6.633794117640001
118.379999876		6.66006876792
119.21999979		6.195845126850001
120.179999828		5.25405555555
121.189999819		3.97557667386
122.589999914		3.6136905311700005
123.96999979		3.3065692068300003
125.069999933		4.5548230616400005
125.819999933		5.73300462249
126.599999905		6.46711175616
127.21999979		7.43192481204
127.769999981		9.26152258065
128.189999819		9.57323636364
129.049999952		6.19249870131
129.529999971		7.31968253967
130.00999999		9.1338200514
130.589999914		8.82317575758
131.25		8.45086315788
131.859999895		8.19983076924
132.49000001		7.961651031900001
132.939999819		7.31959888578
133.649999857		7.82835313002
134.289999962		8.605071038250001
134.899999857		7.48373745174
135.49000001		7.23607157058
136.25999999		6.49926409497
136.9599998		6.85503471075
137.7099998		7.68752727273
138.279999971		8.54987551866
138.819999933		9.25684875846
139.369999886		9.30601301517
139.909999847		9.357920000010001
140.46999979		9.40096815288
140.939999819		9.623812987019999
141.569999933		9.308120300759999
142.129999876		8.980595744670001
142.7099998		8.80553593428
143.269999981		8.76970105263
143.849999905		8.59617391305
144.539999962		7.57892000001
145.449999809		5.0618901099
146.25		5.52375740481
147.579999924		3.5431558441499997
149.079999924		3.15956435643
150.279999971		3.58757415834
151.109999895		5.57922162162
152.109999895		4.57297797357
152.859999895		5.99034101382
153.729999781		6.20864615385
154.649999857		5.11390843374
155.539999962		4.10271321696
155.919999838		4.86960854094
157.189999819		5.17123827048
158.859999895		2.62848
160.229999781		3.44682242991
160.599999905		5.38573913043
160.869999886		5.93389714287
161.289999962		6.005889570540001
163.129999876		6.31032487311
163.939999819		7.380824684429999
164.429999828		8.01241791045
165.0		10.23255
165.49000001		9.91724623116
166.2099998		8.925294685979999
166.659999847		9.218831460659999
167.129999876		9.27707969151
167.669999838		10.376625
168.179999828		11.07562768497
168.879999876		7.44180983607
169.539999962		6.41356097562
170.359999895		6.510657420239999
171.109999895		6.491981679389999
171.879999876		6.69905263158
172.49000001		7.1828571428700005
173.069999933		9.05658536586
173.689999819		7.603430769240001
174.449999809		6.39912035661
175.00999999		6.721634042549999
175.909999847		5.9454164588400005
176.549999952		5.09546961327
177.519999981		4.04215699659
178.839999914		3.58871980278
181.74000001		1.716675694938
183.529999971		2.529010676157
184.559999943		4.55317596567
185.939999819		2.044930739301
188.979999781		1.662257668713
190.299999952		3.8627833197
190.939999819		7.09995604395
191.579999924		6.66619780221
192.529999971		5.14143661971
193.49000001		4.767006896550001
194.689999819		4.60414519056
195.729999781		4.3242812172
196.659999847		4.95263768115
197.529999971		5.52132818532
198.379999876		5.58496551723
199.419999838		4.64135849058
200.299999952		4.69008607596
201.139999866		6.584999999999999
201.849999905		6.896862745109999
202.579999924		6.7745592417
203.359999895		6.02837626629
204.159999847		5.84781971832
205.049999952		5.6984360902199995
205.75999999		6.6650932476
206.369999886		7.575133462290001
207.119999886		6.644091324210001
207.789999962		7.63696410255
208.349999905		8.30051368422
208.979999781		7.74601125705
209.609999895		7.60487912088
210.229999781		7.39983301707
210.99000001		7.185080118689999
211.649999857		7.4991943462799995
212.139999866		8.22594
212.399999857		8.24313253011
213.409999847		6.129919302059999
214.069999933		7.2629052631499995
214.699999809		8.165535055349999
214.949999809		9.46792356687
215.149999857		9.10905263157
215.4599998		9.14915887851
216.929999828		10.40279497908
217.519999981		10.567325301210001
217.879999876		11.712698181810001
218.399999857		11.611404255330001
218.949999809		8.50660344828
219.699999809		8.43623744292
