0.0		5.99641687344
1.13000011444		5.533678233450001
1.90000009537		4.77183999999
3.15000009537		4.22687091222
4.48000001907		3.33930964467
6.23000001907		3.76535869566
7.10000014305		4.37004527298
8.09000015259		4.06852762119
9.44000005722		3.7189824
11.0699999332		3.00368155341
12.6800000668		3.0023174603100005
14.3199999332		2.388957819597
16.0699999332		2.8501420765020002
18.6800000668		1.688069868996
21.6100001335		1.6214267515919998
26.7699999809		0.735320158104
28.5800001621		2.774495641344
30.0900001526		2.790249823572
31.5		3.26258181819
32.5		3.48694039734
34.1400001049		3.0862291262099997
35.0299999714		3.44562889167
36.4000000954		2.7932830188690003
38.4100000858		2.2878323729699996
41.3400001526		1.7045265392789999
43.2599999905		2.328734025123
44.870000124		2.808444738585
46.0099999905		2.514579904305
47.6000001431		3.27319731543
48.9200000763		3.84705537459
49.9500000477		4.14164102565
51.2300000191		3.07670667795
52.6100001335		3.43030853562
53.9800000191		3.26301809598
55.7200000286		3.08623357665
57.0499999523		3.33687449394
58.2100000381		3.8505014084400004
59.2300000191		4.60308154506
60.2899999619		4.3368321318300005
61.75		3.26057142858
62.6700000763		4.4748405797099995
64.1400001049		3.6092711370300004
65.9800000191		2.424399770247
67.6000001431		2.819392504932
68.8800001144		3.51528101265
70.5900001526		2.559773119605
72.4000000954		2.656163551401
73.9400000572		2.867004149379
75.8099999428		2.2163803056030003
78.2000000477		1.8978991304339998
80.8099999428		1.7884803843060002
82.7699999809		2.123179321485
84.4200000763		2.656772200773
86.0399999619		2.715672988881
87.4300000668		3.01601856147
89.3500001431		2.657927552142
91.370000124		2.207251170048
93.0800001621		2.032350833847
93.9100000858		1.882200825309
96.2200000286		2.532043243242
97.8400001526		2.730775725594
98.9300000668		4.43903711133
99.3600001335		4.463855855849999
99.6500000954		5.46543157896
100.090000153		5.53084745763
102.559999943		4.52048727273
103.950000048		4.07947906977
104.799999952		4.22148361731
106.110000134		4.06255086849
107.090000153		4.44990304398
108.559999943		4.0398017492700005
109.519999981		3.75074742858
111.019999981		2.570358974358
113.190000057		2.2643584997549997
115.200000048		2.417025
116.680000067		3.2871136857300005
117.870000124		3.3528087431699998
119.400000095		3.2666555323499997
120.920000076		2.992433497536
122.640000105		2.8145896805910002
124.029999971		2.870925925926
125.420000076		3.44080308879
126.600000143		3.6575245143300004
128.049999952		3.1853609467499995
129.0		3.7123008225600005
130.430000067		3.5610336071699997
131.190000057		4.16066165415
132.069999933		4.4861818181699995
133.140000105		4.44752749491
134.49000001		3.83824063746
135.779999971		3.55919198664
137.120000124		3.40574638845
137.890000105		3.91032142857
138.860000134		5.50458690744
140.210000038		3.78540384615
141.330000162		3.7600155189
142.420000076		3.6839514170100003
143.610000134		3.9678478260900003
144.799999952		3.80485871559
146.220000029		3.8234875659300003
147.180000067		4.7422784810100005
147.900000095		6.457927559070001
148.850000143		4.982662020899999
149.620000124		6.229384615379999
150.809999943		4.03265573769
151.720000029		4.55740221402
153.160000086		3.67625835189
154.170000076		4.61298360657
155.200000048		4.56201702129
156.090000153		5.25297351828
156.890000105		5.81505882354
157.900000095		5.00258745876
159.25		3.5831356957500002
160.230000019		4.405336332959999
161.340000153		4.2964251968400005
162.559999943		3.95364955752
164.24000001		2.489106060606
165.600000143		3.2560126182899998
167.710000038		2.0586336142799997
169.660000086		2.097747175902
172.190000057		2.0019611409660003
174.069999933		2.380563095907
175.120000124		3.4454198952899997
175.600000143		3.6296021220300005
177.069999933		4.0851279069899995
177.950000048		5.28042857142
178.789999962		5.93260053618
179.120000124		6.16790041494
179.400000095		5.49434920635
179.850000143		5.59405714287
184.029999971		1.7919048648659999
186.269999981		2.4660393627
187.160000086		4.02624
188.370000124		4.37366340159
189.25		5.0538591549300005
190.519999981		4.70510016978
191.220000029		5.4246347107499995
192.220000029		3.97881367143
193.460000038		4.09219014084
194.870000124		3.5290403041799996
196.00999999		4.34818390806
197.200000048		3.3619945205399997
198.529999971		3.79788349515
200.069999933		2.961175487466
201.50999999		3.40680446097
203.0		2.665272206304
204.970000029		2.371389036723
207.059999943		1.995852599697
210.559999943		1.265160987075
212.539999962		1.6688684627580002
214.960000038		2.083103538663
215.840000153		3.50676806085
216.950000048		3.50745903258
218.160000086		3.8995285714200003
219.920000076		2.898310469313
221.049999952		4.11177627771
222.049999952		4.6479299014199995
222.789999962		4.1058375
224.620000124		2.806135788261
225.549999952		5.6173412604
226.299999952		5.87360000001
227.019999981		5.83292307693
227.870000124		5.77902902376
228.660000086		5.95875862068
229.480000019		6.96946153845
230.180000067		6.77802631578
230.880000114		6.74471052633
231.610000134		6.74539622643
232.380000114		6.21100884957
233.100000143		7.02834285714
233.700000048		7.222549707599999
234.49000001		7.125064748190001
235.080000162		8.42491017963
235.730000019		7.75460397831
236.769999981		4.40339112051
237.480000019		6.664449438210001
238.200000048		7.32262801932
238.850000143		7.376669039159999
239.480000019		7.306611940289999
240.130000114		7.80888729876
240.769999981		8.07888607596
241.299999952		8.96078181819
241.860000134		8.878761290309999
242.430000067		8.70495597483
242.970000029		8.60863576158
243.620000124		8.61698220642
244.190000057		8.898415094339999
244.650000095		8.91700813008
244.870000124		9.988029197069999
245.529999971		9.93133568904
246.059999943		9.34504740405
246.630000114		9.278238993719999
246.870000124		10.043675675669999
247.069999933		9.98492307693
247.350000143		10.04061538461
248.99000001		7.90546263912
249.700000048		8.4200448
250.160000086		8.75269565217
250.819999933		8.601793345019999
251.420000076		7.94177867202
252.25999999		7.39014399999
252.819999933		6.95318644068
253.580000162		5.38624477611
254.360000134		6.826325991180001
255.120000124		6.905785714289999
255.930000067		6.322428969360001
256.670000076		5.73424299066
257.870000124		4.23280793508
259.0		4.07693959731
260.039999962		4.8694495218
260.690000057		6.644142857129999
261.340000153		7.95685714287
261.910000086		8.30626890756
262.460000038		9.32166233766
262.890000105		9.45858682635
263.400000095		11.3529142857
263.730000019		11.4806639004
264.230000019		8.70847058823
264.850000143		8.31899428572
265.50999999		8.436063047280001
266.140000105		7.9402458100499995
266.799999952		7.40586387435
267.210000038		8.135405572769999
267.900000095		8.1420100167
268.549999952		8.46627956988
269.110000134		8.354689655160001
269.650000095		8.106334075709999
270.430000067		6.3670116279
271.279999971		5.50039257294
272.460000038		4.676283870960001
273.779999971		3.33687449394
275.590000153		2.4023339191560003
277.220000029		2.798481409002
278.080000162		5.49747258486
279.059999943		5.02024489797
280.200000048		3.5456153109899997
281.340000153		4.72962750717
282.120000124		6.1172173913100005
283.210000038		4.3141810865100005
284.880000114		2.6398022813699997
286.470000029		2.809169147496
287.559999943		4.547352
288.539999962		4.66331608548
289.470000029		4.69023233532
290.390000105		5.20903102626
291.319999933		5.3568633093599995
292.190000057		5.0483277849
292.900000095		6.724143322470001
294.049999952		3.92834815515
295.120000124		3.96715361139
296.430000067		3.96296563011
297.420000076		4.75845739911
298.390000105		3.76473226545
298.860000134		3.59149606299
300.230000019		4.40182928739
301.220000029		4.59984
301.890000105		7.643730569940001
302.180000067		7.74200000001
302.410000086		7.26176223777
302.769999981		7.33303370787
304.400000095		8.15169836067
305.049999952		9.39737142858
305.559999943		7.61463829788
306.350000143		7.03671060171
306.99000001		7.18955191257
