0.0		6.57566258502
1.42000007629		4.2646094003099995
2.63999986649		2.865651245553
3.8599998951		4.365888
4.78999996185		4.88498019801
5.90999984741		5.92158974358
6.40999984741		8.08350738915
6.95000004768		8.03738084634
7.6099998951		8.12714685315
8.22000002861		8.94159537573
8.79999995232		9.30226229508
9.17000007629		13.2423884892
9.6099998951		13.260406779660002
10.0599999428		11.811800000009999
10.6199998856		9.70794915255
11.0899999142		9.8955319149
11.6099998951		10.38657342657
12.0999999046		9.90923308272
12.6900000572		8.71782995952
13.1199998856		9.21040233237
13.6599998474		10.643357142869998
14.0099999905		10.7659143969
14.5599999428		7.75776419214
15.2699999809		7.02165916398
16.3499999046		4.86073864782
17.4300000668		4.3867407407400005
18.3899998665		4.85533180779
19.0899999142		4.27970032572
20.4900000095		3.7458248847899998
21.6700000763		4.32617582418
22.8199999332		3.6433984962299997
23.8699998856		3.79535349321
26.0399999619		2.114142857142
28.6599998474		1.652967716223
31.0699999332		2.195485936824
33.1800000668		2.049249129786
34.6599998474		2.973737490936
35.8299999237		3.9612853185600003
38.0299999714		2.009095419846
38.9800000191		5.14268989548
39.5799999237		7.33696633662
40.3699998856		7.084291845480001
41.0799999237		6.80787096774
41.8399999142		6.41960479041
42.5199999809		7.132890410970001
43.1499998569		7.6887999999900005
43.7999999523		8.13479785332
44.379999876		8.46058775511
44.8899998665		9.36924401913
45.4900000095		8.626814229239999
46.1499998569		7.756291666679999
46.7599999905		7.6114749034799996
47.3899998665		7.63146765249
48.0099999905		7.98512307693
48.5899999142		7.86232258065
49.2899999619		7.900071778139999
49.879999876		8.40503762376
50.3599998951		8.56868750001
50.629999876		7.35677419356
51.5099999905		7.20658461537
52.1700000763		7.275669595769999
52.8699998856		7.303168316819999
53.1499998569		7.50739393938
53.3899998665		7.3647659574599995
53.7400000095		7.41636363636
55.5099999905		6.67454496645
56.1700000763		9.38062032087
56.5899999142		9.82009756098
57.1800000668		9.88254325956
57.6700000763		9.91724623116
58.2999999523		10.32143016759
58.7100000381		10.3204528302
59.2300000191		8.3151705069
59.8899998665		8.1988148148
60.6399998665		6.978478195500001
61.4200000763		6.61735276968
62.0599999428		6.754833027509999
62.7899999619		7.3004416796400005
63.4500000477		7.421026178010001
64.1800000668		7.148443057710001
64.8399999142		6.644142857129999
65.629999876		6.40206896553
66.3099999428		6.6450151260600006
67.0199999809		7.0026146341499995
67.5499999523		7.24579816515
68.3199999332		7.074516320460001
68.8299999237		6.54099290781
69.4200000763		7.221658536600001
70.0399999619		8.148268656720001
70.6099998951		10.014536382540001
71.1099998951		10.580426799
71.6900000572		8.60762677485
72.0999999046		8.34201904761
72.8499999046		8.496627177690002
73.4200000763		9.80121161826
73.8299999237		12.3457834395
74.2100000381		12.338115254249999
74.6399998665		13.234151057399998
75.0299999714		13.59769180329
75.5199999809		12.780272040300002
76.0		10.56676923078
76.4900000095		10.38173164557
77.0299999714		9.47035761588
77.5699999332		9.46306516854
78.0999999046		10.01777375565
78.5599999428		10.04110569105
79.1499998569		9.92368737474
79.6700000763		9.838881118889999
80.2000000477		9.658324324319999
80.75		9.09521397381
81.3999998569		7.521652173900001
81.9700000286		9.513288702930002
82.4400000572		10.90970526315
82.8899998665		10.72970958903
83.3899998665		10.595067961169999
83.9500000477		9.60779354838
84.5099999905		8.35327118643
85.0799999237		8.67357983193
85.6399998665		8.92959999999
86.1700000763		8.783135135130001
86.8099999428		8.757222423149999
87.5199999809		6.86819417475
88.0499999523		7.46117006802
88.2999999523		8.71566878982
89.0199999809		9.00823076922
89.4500000477		12.034465116269999
89.9099998474		12.05918256132
90.1499998569		10.11200000001
90.3399999142		9.88982857143
90.629999876		10.09237113402
92.0999999046		9.225484230060001
92.7599999905		9.21633625218
93.1900000572		9.50145132744
93.75		10.47254584221
94.2100000381		10.6966504065
94.7699999809		11.71798731501
95.1499998569		11.72108571429
95.4900000095		14.493108433739998
95.8999998569		14.664757097789998
96.3399999142		13.14642492918
96.8899998665		9.95505263157
97.3599998951		9.76494429708
97.9500000477		9.33237375747
98.4800000191		9.686214123000001
99.0199999809		10.34345823927
99.4500000477		10.75352601156
99.9200000763		11.85063829788
100.339999914		11.94496676736
100.829999924		10.90280506329
101.210000038		10.93137716262
101.829999924		9.09966412215
102.24000001		8.61943925235
102.730000019		8.70847058823
103.309999943		8.986567901219999
103.930000067		9.12309090909
104.480000019		9.24926681127
105.089999914		8.17641618498
105.50999999		8.263320754710001
106.089999914		9.93292057026
106.649999857		9.96663291138
107.089999914		11.236452173910001
107.5		11.233777777770001
108.0		10.762909090920001
108.480000019		10.74429015543
108.99000001		12.196557692309998
109.389999866		13.08266666667
109.829999924		11.99059649124
110.409999847		8.73741751527
111.029999971		7.88588764044
111.75999999		6.984
112.369999886		7.1666692456500005
113.180000067		6.839668508280001
113.930000067		6.483686635949999
114.50999999		8.68076113359
115.079999924		8.76970105263
115.619999886		9.16545695364
116.210000038		9.14960160966
116.75		9.25376785713
117.25		9.66998518518
117.769999981		9.98894279175
118.319999933		9.8405814978
118.809999943		9.807820895519999
119.309999943		9.972521739120001
119.809999943		10.22725123152
120.349999905		8.60863576158
121.180000067		6.5977438691999994
122.059999943		5.4001832061
122.730000019		5.69269204152
123.049999952		5.822808510630001
124.460000038		4.5849396411
125.309999943		5.4687661823100004
126.180000067		5.71060645161
126.529999971		5.7839066148
126.799999952		5.70567032967
127.230000019		5.7755752212300004
129.359999895		5.206843979069999
130.49000001		5.05041074856
131.309999943		4.40628180576
132.230000019		5.97521167884
132.909999847		6.689938983059999
133.769999981		7.207552665810001
134.200000048		9.652658823540001
134.670000076		9.54704761905
135.25999999		9.26041434264
135.869999886		8.95885714287
136.50999999		8.253643636349999
137.069999933		7.93401724137
137.75		7.86295477386
138.309999943		9.22396529283
138.899999857		9.12779282868
139.430000067		8.39891647857
140.069999933		8.1310948905
140.680000067		7.61808092487
141.25999999		8.843137577010001
141.680000067		9.72051692307
142.289999962		9.152061420359999
142.690000057		8.83974440895
143.190000057		8.77297777779
143.779999971		8.805387096779999
144.409999847		8.903866913129999
144.970000029		9.033711864419999
145.529999971		9.185194805190001
145.899999857		9.35137366548
146.589999914		8.169286432169999
147.289999962		7.68159999999
147.899999857		7.42639080459
148.519999981		6.86744150943
149.299999952		6.404245614030001
150.00999999		6.67841545893
150.789999962		7.406960583929999
151.409999847		7.80500000001
152.00999999		8.10431620554
152.690000057		7.24674324324
153.450000048		6.3515294117700005
154.279999971		5.95141935483
154.960000038		6.3336205128300005
155.779999971		6.783452054790001
156.440000057		7.523850267389999
157.119999886		7.17106354515
157.799999952		7.084367346930001
158.470000029		7.13393814432
159.230000019		6.9003823975800005
159.950000048		6.5081444270099995
160.690000057		6.1192875
161.329999924		7.8651675675599995
161.99000001		7.86553521126
162.569999933		7.91715662652
163.170000076		8.09534117646
163.769999981		8.15768958744
164.389999866		7.413901140690001
165.059999943		8.36397927462
165.549999952		10.506297029699999
165.950000048		10.68303896103
166.149999857		11.796206896560001
166.730000019		11.58997113402
167.230000019		10.14670588236
167.789999962		9.47691648822
168.049999952		8.642232558149999
168.299999952		6.614216560499999
168.680000067		6.70520547945
171.799999952		7.028277266129999
172.779999971		6.4969481481599995
173.369999886		6.53345233266
174.059999943		8.145313432830001
174.589999914		8.93000904978
175.289999962		9.20699003322
