789520
850553
629922
729558
785580
629841
892696
2579730
2112340
2706496
2527394
2194592
1441182
1039787
1766782
1696975
1085018
1002695
702379
842560
1472396
1639822
1273006
1421903
2877260
1844993
1221171
2214732
2834969
2553177
2085794
2733909
2444527
2402489
1609466
2471714
2933641
1288054
859618
859118
632257
679187
846681
622023
1618424
2040726
922728
685339
500807
608314
710105
707367
790557
551761
509403
594670
559167
858836
832206
752094
587379
758632
888186
910651
691811
589789
714364
829094
811977
737694
1258869
1113524
571233
573784
984234
758511
937464
2202975
2596338
2505001
545503
1539479
1673117
1498851
1089502
1817240
1418174
1675152
719700
547187
466537
549627
858969
540952
1214608
1844533
1385455
2135827
1905129
1491400
1715634
1727514
1602298
1550544
1911972
1427003
722100
1217605
1308233
1360592
1403132
1803579
1363735
918370
1449260
1290783
1124663
1494837
1345110
748752
2681956
2013362
2786823
2295553
2520822
1733447
2015673
2587629
1901736
2064661
1416827
2069526
759829
950379
859283
575336
522390
508629
526832
485018
427005
169980
79634
74237
61150
64027
67866
97246
319321
589977
652565
569359
525330
540449
673878
1125577
1696409
1650863
1629384
1361185
302647
54842
25080
21597
