265091
226829
171285
181070
193094
148528
247240
845137
618395
696039
614713
467478
329469
291159
545922
492350
208087
245446
199777
241011
435686
490025
382894
436138
881089
564337
367352
719710
771752
760493
573545
842306
796310
701717
526435
785220
864209
350711
214012
229285
175603
190634
261058
211084
527669
656631
273857
213935
146832
165698
208534
205794
239081
192243
178055
189300
170794
286868
281084
242180
189309
272052
324380
311633
279158
240019
234964
309118
308084
266341
436187
387609
183818
175269
331463
239272
291141
676295
880524
674975
193105
553603
572733
462700
385122
687579
512012
553390
233552
176709
156709
184813
278572
184931
455161
562355
463798
584151
512360
480176
599380
530293
471935
445227
611301
429879
232732
308887
311772
314397
396116
479761
366953
269131
431903
430676
332609
421405
369711
214822
751017
562703
844759
605484
755488
514745
659047
796962
568430
617988
455782
684355
207312
287505
254821
159227
174131
174023
178255
163266
134377
52148
35038
33100
27596
28136
29623
43358
125347
229692
253448
218631
202025
209994
257847
385465
571549
533395
462756
358458
117357
23077
11650
10059
