360408
333230
246083
280855
294562
225177
372511
1248935
915328
1092782
976629
793170
528267
419279
768889
712356
364932
381627
286652
347243
622024
710803
574876
646802
1256796
807340
538584
1013186
1157153
1108806
816056
1173533
1150716
1041190
700706
1073906
1258480
521959
330806
340278
252573
274296
371748
287104
729257
925100
400127
300483
207886
240195
296838
289287
333105
258350
242439
267626
241311
392392
383287
334822
265625
367423
440302
426603
364912
311155
323193
410104
409851
361899
594984
527076
245696
257735
463880
338538
418148
977326
1234977
984030
265351
756440
795878
658068
533101
917158
695240
776374
337697
255381
217260
253457
389555
252420
608869
783516
649808
877687
770891
683602
826314
762971
686026
649673
866071
617124
322160
467299
476964
478953
582913
715342
543661
384385
620940
599801
476128
623470
540900
317612
1122208
840700
1196881
926467
1116850
738454
916238
1125841
812943
882896
634459
939120
293546
404659
367975
231061
221519
219546
227356
212299
182537
74319
47153
43740
35414
37921
39649
55052
167182
309748
342283
300930
282611
287362
346621
542287
802038
738209
674085
535680
164175
31133
15696
13689
