112205
95343
69775
75385
76736
56347
119653
356550
275329
279404
228245
167290
130463
130348
246314
214767
61627
97657
88931
106599
181260
198513
146136
167763
390386
266546
183161
314528
373224
334089
271125
398562
353480
334802
200166
328722
423446
161970
65468
73745
61807
73113
113099
94057
220501
269324
123884
100627
65255
67199
91105
84317
101801
96329
90829
91271
81988
145977
142223
116519
92513
140565
165016
159340
156146
133473
112982
159354
159327
125817
214535
192998
82709
79813
160048
111262
130009
292732
400293
322674
99241
277779
276824
219059
200027
364941
270744
285238
104121
78548
79007
93976
139441
92155
244987
249377
228753
233449
204310
232771
307449
251456
216761
201016
294707
200118
114568
129094
125288
124870
180097
212829
163574
124773
202652
211239
152758
192817
163204
99549
321628
246027
350902
268580
328830
252869
320068
353946
256658
307094
242529
367110
103360
144277
126940
77099
89531
91666
91496
83422
68042
27113
20677
19655
17043
18230
17837
23616
61952
112832
124254
110160
100730
102129
122119
163356
252278
237367
223830
189531
67309
14738
7711
5976
