2153590
2885301
2294621
2700885
2931975
2344065
2809972
6083325
5669144
6997543
6880723
5920988
4041187
2838092
4570629
4561500
2980674
2683836
1892386
2254634
3914080
4245420
3056410
3342987
6978711
5228195
3379224
5470749
6814046
8103315
5378745
6854684
7447444
6546666
4978225
6948482
7507822
3457254
2257658
2399858
1889620
1950831
2258216
1613836
4304353
5379931
2744546
1918893
1502846
1942108
2207386
2158241
2487303
1495566
1304489
1602945
1702263
2569144
2347446
2103313
1689352
1937246
2145424
2437705
1622461
1382916
1977732
2111503
1968415
1738856
3166944
2811478
1806938
1617364
2506293
2070515
2516161
6003462
6675565
6495378
1388602
3761481
4443557
4278818
2656864
4358996
3535227
4347403
1825778
1485904
1333013
1532603
2409016
1493424
2916771
5234813
3594653
6120106
5518217
3852319
4425345
4753671
4470829
4482647
4990707
3940632
1947309
3520587
4026211
4334518
4063939
5435150
4032327
2773861
4293772
3544159
3342232
4603340
4194742
2077584
7074605
5607637
7820065
6375625
6949711
4980923
5107909
6853609
5036524
5689337
3803664
5759164
2343771
2575502
2442086
1780574
2031976
2011289
2059976
1944427
1842133
555267
145471
141083
107952
115993
135322
195547
769240
1361274
1431155
1173479
1029418
1101115
1420455
2512842
3349832
3497062
3602526
3099834
659288
120429
48050
39596
