1221904
2159272
1537032
1694709
1678400
1221539
1550259
3823160
3629213
4180199
5277270
4698865
2926224
1866893
3226195
3526100
2109177
1938820
1288146
1614609
2957451
3254311
2285772
2262149
5054725
3450579
2697423
3978292
5293023
5014424
4221768
4866912
4499438
4461724
3476524
4898467
4676752
2580003
1293837
1716655
1303545
1214270
1507739
1022503
2863948
3543764
1765813
1241700
999254
1352425
1499287
1367467
1699742
968050
818037
1048275
927265
1466246
1366205
1258691
1255336
1288020
1308729
1597762
1056282
914889
1214958
1387049
1224126
1076405
1948713
1784581
1404069
1166670
1734473
1701612
1864398
4211653
4683142
4531329
779447
2677792
2899526
2986506
1751745
2852265
2268921
2847467
1108705
1197410
1030213
1009349
1622108
1042741
2003570
4231004
2631159
5246443
4256460
2481618
2871786
3106062
2871981
3060609
3215506
2816814
1238319
2276306
3237322
3539388
2783598
4284791
2377758
1803850
2876344
2339284
2402893
3170265
2588874
1494726
4479846
3714985
5393921
4021926
4511939
3795323
3372935
4993787
3067870
3920965
2661239
4365985
1511843
1507030
1915558
1383735
974520
956807
1112629
1100606
1062815
364494
115178
115219
81100
83360
100794
120926
413742
796527
824750
714270
688937
714366
969666
2094578
3004807
3198846
3407868
2820847
653357
127218
43417
38408
