88.87
61.78
74.13
65.21
58.33
60.37
62.23
62.38
67.4
69.17
68.07
67.15
66.75
66.47
66.2
65.72
66.04
66.06
66.46
66.84
67.39
68.27
70.88
72.87
73.52
72.98
70.68
83.0
93.39
75.32
89.88
75.55
62.64
51.99
48.84
49.03
37.05
29.19
31.32
31.19
33.12
34.21
41.7
39.89
39.66
40.47
40.68
41.38
41.95
40.67
60.74
58.31
62.51
62.97
63.11
57.77
56.28
57.51
57.42
54.72
53.01
53.47
55.7
55.17
54.55
54.3
54.96
54.92
55.04
56.41
61.31
61.55
62.22
63.75
64.3
63.69
62.14
62.48
64.12
64.45
60.21
53.75
51.77
50.81
50.94
51.0
50.09
53.29
57.61
56.39
55.94
55.69
55.68
56.77
56.94
55.79
54.37
54.29
55.14
48.95
44.85
56.33
56.29
56.28
54.28
53.62
53.53
52.75
52.99
52.11
53.29
47.67
45.93
41.79
34.84
34.13
31.38
28.21
29.32
28.18
26.22
23.19
22.45
23.27
23.55
24.19
24.88
27.14
27.74
22.23
27.87
29.11
25.62
21.06
26.02
28.57
25.93
24.35
23.15
27.54
26.66
24.79
23.12
34.75
35.5
40.46
31.91
29.72
27.17
40.35
97.43
97.43
66.99
21.49
26.08
27.58
29.01
28.07
28.64
49.0
37.19
60.0
50.43
63.96
52.5
64.01
46.88
50.43
53.74
48.68
59.82
58.63
59.67
60.19
64.4
66.47
65.51
58.32
51.05
40.48
41.47
46.98
53.64
52.12
49.21
51.07
52.8
56.92
59.07
59.64
64.0
61.1
64.97
64.16
64.03
60.18
58.7
57.72
57.33
57.54
60.22
61.81
62.28
61.69
67.14
64.56
64.2
63.62
63.46
63.29
63.32
65.2
64.74
77.72
81.03
82.23
75.13
69.32
70.9
70.48
70.56
78.47
79.68
79.7
77.81
74.77
74.81
76.16
77.43
81.14
82.95
78.26
75.25
76.13
77.52
76.32
71.9
75.02
72.53
69.32
67.14
66.74
65.43
55.99
64.94
75.24
73.59
70.43
85.65
71.53
68.76
68.18
68.64
69.86
70.48
70.1
69.1
71.96
73.36
71.84
77.39
70.17
76.13
74.85
73.99
73.78
72.36
76.49
82.66
78.93
72.68
72.82
73.73
72.34
70.05
68.45
67.13
71.36
70.04
78.41
76.98
82.2
74.05
71.39
73.85
74.93
71.51
68.66
67.25
67.36
69.04
70.1
70.4
71.45
73.2
74.28
71.83
72.26
70.89
71.1
70.05
69.19
69.61
70.37
72.93
75.29
61.36
61.38
68.5
66.96
67.16
66.6
62.21
60.37
72.68
61.25
57.4
57.61
48.5
47.64
62.28
58.84
58.13
60.34
61.65
68.98
56.79
77.35
56.47
54.2
51.07
51.88
61.08
45.97
39.71
54.1
66.94
64.2
74.34
70.65
70.24
70.68
66.34
71.02
72.35
76.94
68.78
72.93
64.35
64.38
62.17
63.12
53.28
52.54
50.6
49.46
48.97
48.53
51.6
54.58
53.97
53.99
54.81
59.88
59.77
56.79
57.08
57.06
57.22
63.37
55.91
54.82
59.06
58.85
58.91
60.83
60.02
72.92
86.29
80.34
54.56
61.32
63.91
72.98
55.11
81.29
58.24
51.62
44.8
43.92
43.6
43.3
43.67
43.99
43.44
42.93
51.94
59.41
64.76
68.0
62.56
62.52
61.6
60.24
59.81
60.18
61.95
57.25
69.94
62.55
56.57
56.96
55.37
55.1
57.06
67.6
59.86
53.46
58.69
60.78
51.66
56.31
54.26
51.87
51.56
51.31
54.48
71.03
83.13
45.18
44.6
46.63
47.57
49.55
50.1
48.4
49.08
49.86
51.67
51.02
50.96
53.19
52.07
49.46
48.86
47.73
47.51
50.34
52.76
50.38
49.59
57.74
57.48
55.11
57.14
56.15
56.69
58.53
54.98
55.18
63.0
56.26
54.27
52.93
52.92
55.48
56.16
51.21
50.26
51.51
53.58
54.63
53.29
52.75
53.38
55.16
58.66
56.63
54.47
49.4
43.85
44.66
39.4
41.14
44.52
45.55
48.51
52.63
55.18
43.89
40.33
37.62
39.25
39.51
38.72
45.04
42.68
41.13
40.36
39.45
36.77
41.02
53.08
56.7
58.31
51.85
53.02
49.05
40.52
36.81
38.54
46.19
43.39
41.12
40.54
38.67
48.95
38.87
43.46
49.33
75.15
45.41
51.69
53.48
44.87
36.82
39.43
41.98
42.33
45.46
44.34
49.0
56.76
49.99
47.0
44.44
44.36
44.76
44.62
45.73
47.38
50.1
51.63
55.23
61.81
62.85
62.33
61.89
62.44
62.06
61.44
60.03
60.98
61.44
61.22
58.98
58.64
58.03
57.63
57.45
56.78
54.25
52.94
55.01
63.38
81.19
65.67
60.17
60.79
60.79
60.77
61.19
61.63
79.79
85.34
65.55
66.52
67.2
68.87
88.32
72.73
67.48
66.08
70.89
80.66
66.42
66.76
66.5
69.62
91.96
85.61
69.38
67.66
65.93
65.06
65.65
66.12
65.94
66.11
65.6
66.74
66.42
65.98
66.24
66.11
66.2
66.81
66.71
65.87
66.96
65.92
65.98
66.15
65.85
65.88
65.57
67.76
65.58
66.74
66.66
64.12
62.75
63.05
61.81
62.02
61.71
63.13
63.58
62.55
61.8
62.06
62.13
61.75
60.86
60.53
60.88
62.25
60.47
57.79
54.7
52.81
60.99
59.96
60.1
61.52
63.96
79.96
59.06
59.21
59.61
59.71
60.18
66.69
80.82
