81.93
15.07
25.73
7.86
1.95
3.87
6.94
8.04
15.2
15.07
12.09
10.86
12.75
13.47
13.68
14.5
18.35
18.01
15.31
16.8
20.75
19.38
22.24
24.91
27.16
32.1
30.66
45.53
53.06
21.25
45.77
29.4
15.11
5.54
4.76
3.52
2.75
0.0
0.0
0.0
0.0
0.0
0.0
0.0
0.0
0.0
0.0
0.0
0.0
0.0
20.35
17.29
16.82
17.87
22.93
17.37
17.4
17.45
15.08
14.66
13.36
13.28
14.58
7.69
5.11
5.07
5.34
5.42
5.76
9.36
18.11
19.98
22.67
22.52
23.53
20.47
20.38
17.27
18.23
20.4
13.14
0.0
0.0
0.0
0.0
0.0
0.0
1.33
2.76
1.39
1.2
1.78
1.99
2.1
2.03
1.89
1.25
1.15
10.38
10.12
11.56
6.46
4.85
5.39
2.21
3.24
3.09
3.12
5.45
2.51
3.62
14.98
14.46
12.6
7.5
7.89
12.39
12.06
10.45
9.36
4.58
0.27
0.57
0.88
1.31
2.41
3.27
9.28
14.69
12.17
11.4
9.65
10.52
10.2
13.31
5.13
4.1
3.24
2.95
4.29
5.57
5.37
4.48
5.45
10.93
17.43
8.08
12.56
8.93
29.24
97.43
97.43
54.48
0.14
0.0
0.0
0.0
0.0
0.14
22.02
4.31
32.62
14.78
35.58
24.07
32.63
3.97
8.3
15.86
12.0
17.41
8.97
12.22
12.65
24.74
32.25
31.09
16.02
10.51
1.48
2.58
8.28
11.1
1.86
1.19
2.96
4.51
14.28
18.09
18.55
21.93
15.16
22.86
22.23
20.95
12.31
9.22
6.72
5.26
5.24
11.6
10.8
10.35
9.16
9.0
6.44
5.73
5.5
9.95
8.56
6.9
9.51
9.05
42.57
47.61
51.08
33.86
17.26
19.65
19.15
20.41
48.67
51.24
53.48
41.4
27.12
24.45
27.12
32.27
37.12
39.84
34.11
32.6
32.81
33.94
32.67
20.41
24.72
21.17
21.2
19.7
18.33
16.29
2.45
13.69
24.44
26.12
23.92
60.74
17.5
11.32
7.26
8.15
17.16
22.14
24.42
20.87
26.43
32.89
25.78
42.8
25.34
34.18
30.39
29.05
25.15
22.23
30.39
49.33
47.65
26.38
26.08
29.75
27.46
18.61
15.66
13.35
22.48
18.59
42.79
32.18
34.64
30.16
25.4
33.3
33.74
29.8
10.75
3.57
4.07
4.9
6.43
12.46
18.31
19.57
18.83
15.98
15.38
16.72
15.05
14.67
12.61
13.18
14.8
28.28
39.83
4.89
6.23
19.16
16.95
10.91
19.79
11.61
10.62
39.42
20.62
21.63
23.03
16.02
13.23
4.42
1.29
0.19
0.14
0.0
16.96
12.72
48.59
16.29
10.83
9.1
7.4
12.34
5.09
0.23
11.19
22.1
21.36
30.63
27.16
32.71
27.95
22.47
24.98
27.31
39.03
28.76
33.89
23.58
21.96
22.87
25.24
6.1
0.0
0.0
0.0
0.0
0.0
0.54
0.11
0.0
0.0
0.0
12.62
12.76
4.5
5.7
5.63
6.07
16.89
7.18
3.12
9.47
7.72
7.9
9.12
7.43
30.59
45.47
33.84
1.19
2.06
8.94
40.02
9.29
58.73
6.37
2.69
0.0
0.0
0.0
0.0
0.0
0.0
0.0
0.0
5.47
11.41
18.13
24.15
13.6
14.5
13.97
12.44
12.01
16.8
16.2
11.8
34.98
13.57
9.16
8.56
7.09
7.13
9.04
27.97
16.45
7.48
14.79
18.48
7.99
11.15
9.77
4.87
1.78
0.93
6.79
28.01
69.71
5.28
4.06
5.1
4.4
3.6
4.22
3.85
2.53
2.2
1.69
2.21
3.75
6.84
6.1
6.66
5.77
3.95
3.59
6.16
8.78
5.31
3.71
8.91
8.32
8.37
8.61
8.98
8.11
12.78
8.14
8.75
18.18
14.83
8.99
4.7
2.26
5.36
6.05
4.49
5.35
8.22
9.1
9.07
6.28
4.3
6.04
9.58
10.46
16.15
11.41
8.24
5.19
4.67
1.33
1.19
3.65
3.03
6.33
13.87
15.65
4.05
1.15
0.83
1.23
0.75
0.22
5.62
1.78
0.0
2.46
1.82
0.25
3.78
13.14
10.25
15.33
8.97
13.22
12.7
2.94
0.45
2.52
12.76
4.79
7.02
6.48
5.37
15.07
3.74
8.88
16.78
60.35
6.78
8.51
7.63
9.2
7.93
8.86
4.04
7.11
4.4
4.27
7.14
12.52
1.46
0.04
0.0
0.04
0.03
0.0
0.07
0.44
0.95
0.71
4.65
6.19
4.47
4.21
4.37
3.98
3.35
2.83
1.95
1.24
1.9
1.07
0.79
0.59
0.44
0.37
0.4
0.67
0.47
0.26
0.35
18.36
73.62
6.18
0.0
0.0
0.0
0.0
0.0
0.0
42.56
61.99
8.11
7.99
12.45
12.1
71.49
25.64
7.14
5.64
10.9
45.44
0.0
0.0
0.0
3.82
83.46
54.83
5.67
0.96
0.0
0.0
0.0
0.0
0.0
0.0
0.0
0.0
0.0
0.0
0.0
0.0
0.0
0.0
0.0
0.0
0.0
0.0
0.0
0.0
0.0
0.0
0.0
0.0
0.0
0.0
0.0
0.0
0.0
0.0
0.0
0.0
0.0
0.09
0.06
0.06
0.13
0.43
0.15
0.26
0.57
1.32
1.62
0.87
0.2
0.0
0.0
0.0
10.69
0.0
0.0
0.0
0.39
38.17
0.0
0.0
0.0
0.0
0.0
0.1
36.09
