95.14
91.66
94.1
93.3
90.78
91.48
92.55
92.77
93.12
93.2
93.35
93.54
94.02
93.66
93.87
94.06
93.96
93.2
93.38
93.16
92.82
92.15
92.3
92.36
92.88
93.78
93.69
97.25
100.0
100.0
100.0
98.58
99.14
96.63
93.57
92.57
89.3
89.42
89.48
89.33
89.61
89.12
89.78
89.18
88.68
88.76
88.76
88.81
88.66
87.93
89.04
88.7
90.01
89.95
91.38
90.64
90.77
92.45
94.42
90.98
91.15
91.82
90.29
92.11
92.81
92.84
92.98
93.0
92.99
92.58
92.39
94.01
93.31
92.2
92.83
92.97
92.46
93.24
93.2
92.78
93.79
92.97
92.71
92.69
92.53
92.46
92.16
93.06
94.47
94.49
94.88
95.29
95.41
95.27
95.06
94.79
94.44
94.48
98.93
98.27
96.74
94.12
95.87
97.43
94.29
95.03
95.11
95.95
99.12
95.18
96.31
96.39
96.1
95.61
91.2
90.32
84.57
79.93
76.44
76.89
79.5
82.6
82.47
82.41
81.22
81.25
80.57
78.34
75.6
71.86
72.7
74.36
73.84
69.89
69.64
78.51
80.11
79.01
78.06
84.55
84.71
84.6
82.45
87.63
88.86
93.14
81.42
77.29
73.41
82.14
97.43
97.43
88.62
82.65
84.79
85.53
85.72
85.55
85.47
87.59
84.05
89.07
85.95
89.19
86.33
91.03
89.61
90.64
88.85
86.78
90.07
90.06
90.43
91.08
90.44
91.46
93.44
90.82
91.48
89.01
89.94
93.16
92.45
91.36
90.66
91.24
91.78
91.4
91.78
92.44
92.68
92.39
92.35
92.24
91.46
91.32
91.32
91.49
91.61
91.8
92.2
92.2
92.33
92.1
92.35
93.12
92.97
93.1
93.45
93.04
92.97
93.41
92.79
94.24
95.21
94.7
94.29
93.48
93.68
93.79
93.52
94.52
95.28
94.71
94.06
93.38
94.03
94.5
95.93
97.48
98.32
95.83
95.98
94.92
95.58
95.41
94.88
95.62
94.7
94.7
94.1
93.96
94.05
95.12
94.16
95.73
94.22
94.67
98.61
96.49
96.28
97.44
99.09
97.76
97.15
95.05
95.63
96.1
97.82
98.56
96.34
95.23
96.89
94.65
94.85
94.65
95.02
97.87
97.66
95.31
95.9
95.54
95.72
95.2
96.5
95.47
95.4
95.14
95.42
96.1
95.57
99.76
97.1
96.37
97.64
98.43
96.84
93.8
93.44
93.51
93.69
93.83
94.32
94.05
94.77
96.96
94.97
96.88
96.29
95.76
94.15
93.82
93.9
95.0
94.11
93.92
93.35
93.12
96.44
97.72
97.83
99.81
99.57
99.75
99.97
99.56
100.0
99.87
93.39
93.05
93.66
93.11
93.54
93.87
94.3
97.15
98.68
99.4
94.75
94.82
98.0
97.94
99.53
93.76
89.46
93.04
96.14
96.45
99.57
99.38
99.83
100.0
99.96
100.0
100.0
99.97
98.72
99.24
98.75
98.29
98.86
99.85
92.67
91.81
91.54
91.56
91.44
91.18
91.26
92.35
92.68
92.77
92.72
95.01
94.19
93.49
93.45
93.58
93.21
95.93
95.61
93.82
96.22
92.73
93.28
93.42
93.07
96.48
100.0
99.61
94.63
98.73
100.0
100.0
94.36
97.9
95.04
94.18
93.8
93.7
93.72
93.59
93.0
93.24
93.43
93.01
92.27
92.4
94.44
99.48
97.94
98.23
98.14
97.93
97.58
94.62
96.69
94.46
98.38
94.91
94.21
94.8
93.19
93.06
92.98
96.5
97.16
94.34
98.19
98.04
92.67
94.12
94.05
91.28
91.14
90.96
92.06
96.16
95.4
89.5
90.86
90.49
90.7
91.04
91.13
91.6
91.91
91.96
91.3
91.11
91.12
92.55
92.31
92.19
93.36
92.98
92.91
95.47
97.35
94.3
92.61
92.08
92.37
91.32
92.35
92.65
92.93
95.94
93.8
95.17
98.39
94.41
93.87
92.12
92.59
93.74
93.59
94.44
95.01
92.91
92.08
92.44
95.23
94.78
94.33
92.44
93.83
92.21
91.73
90.47
90.15
92.33
90.45
90.35
92.21
92.84
92.37
92.03
96.79
95.9
92.75
91.13
91.76
91.35
88.75
89.18
89.15
88.44
90.17
91.17
88.39
87.99
89.1
89.15
92.04
94.53
96.73
94.83
89.99
89.2
89.91
97.87
92.48
88.91
88.25
87.67
92.49
88.04
90.43
97.73
94.88
90.56
90.91
89.82
89.25
89.6
89.19
85.45
86.17
87.11
87.44
88.04
90.59
92.95
92.5
91.77
91.0
90.85
90.63
90.5
90.77
90.96
91.08
91.73
95.05
97.16
97.31
97.68
97.61
97.86
97.79
97.67
97.66
97.66
97.94
97.48
96.78
96.8
96.77
96.53
96.34
94.59
92.95
91.66
90.98
93.58
95.47
95.69
95.78
95.82
95.75
95.73
95.74
95.36
97.12
94.77
95.56
95.53
95.63
96.77
95.78
95.98
95.79
96.38
96.3
96.81
96.85
96.8
97.37
94.86
96.69
96.53
97.05
98.01
99.08
99.57
100.0
100.0
100.0
100.0
100.0
100.0
100.0
100.0
100.0
99.96
99.96
99.99
99.99
99.98
99.99
99.81
99.75
99.99
100.0
100.0
100.0
100.0
100.0
100.0
100.0
100.0
100.0
100.0
100.0
100.0
100.0
100.0
100.0
100.0
100.0
100.0
100.0
100.0
100.0
100.0
100.0
100.0
100.0
100.0
100.0
95.4
94.52
95.58
95.83
96.14
96.54
95.81
95.69
95.77
95.8
95.91
97.57
96.84
