95.74
94.82
95.2
95.51
94.99
95.23
95.24
95.28
95.19
95.18
95.4
95.42
95.58
95.46
95.75
95.62
95.38
94.69
94.95
94.83
94.37
94.26
94.13
94.06
94.59
95.13
94.96
97.93
100.0
100.0
100.0
99.12
99.84
99.31
97.35
96.51
94.75
95.51
94.83
94.83
95.17
94.93
94.54
94.49
94.46
94.14
94.2
94.07
93.83
93.47
94.98
94.05
94.06
94.02
95.56
94.89
95.29
97.05
98.63
95.26
95.68
96.36
94.51
94.8
95.1
95.09
95.12
95.07
94.91
94.55
94.96
96.77
96.04
94.74
95.27
95.32
94.41
95.47
95.14
94.5
95.35
94.11
93.98
93.98
93.92
93.92
93.69
94.41
95.36
95.45
95.81
96.32
96.35
96.22
95.94
95.74
95.48
95.65
99.18
99.97
100.0
96.74
98.49
99.6
96.49
96.71
96.64
97.65
99.96
97.23
98.04
100.0
100.0
99.91
99.9
99.84
98.95
92.73
96.39
96.42
93.78
94.76
95.49
95.75
95.74
95.73
96.23
97.6
98.13
94.41
95.96
98.53
97.75
95.59
95.62
95.3
96.4
94.72
94.31
98.21
99.82
99.55
97.04
100.0
100.0
100.0
99.95
99.97
97.77
99.47
97.43
97.43
94.96
93.8
94.0
94.03
93.62
93.4
93.44
95.74
93.08
95.23
93.01
95.35
93.75
96.02
94.65
95.4
95.34
93.82
95.24
94.72
94.67
94.55
94.13
95.66
97.23
95.24
96.63
94.76
96.12
99.0
96.61
94.76
94.34
94.55
94.96
94.53
94.48
95.09
95.06
94.56
94.37
94.03
93.47
93.09
93.09
93.18
93.3
93.41
93.67
93.65
93.85
93.74
93.67
94.34
94.31
94.39
94.55
94.21
94.14
94.67
93.51
95.14
96.09
95.44
95.05
94.18
94.48
94.47
94.11
95.18
96.18
95.38
94.65
94.24
94.93
95.41
96.9
98.24
98.9
96.81
97.1
95.95
96.43
96.37
95.86
96.88
96.05
95.2
94.58
94.47
94.65
95.85
94.78
96.52
95.03
95.95
99.09
97.17
97.11
98.69
99.61
98.58
97.79
95.83
96.42
97.07
98.98
99.46
97.35
96.23
97.5
95.48
95.41
95.36
95.92
98.66
98.03
96.0
96.82
96.36
96.5
95.9
97.32
95.95
95.95
95.78
95.99
96.77
96.48
99.95
98.04
97.4
98.79
99.37
98.09
94.48
94.2
94.27
94.45
94.65
94.92
94.27
95.09
97.5
95.46
97.46
97.31
96.72
94.77
94.55
94.59
95.65
94.87
94.23
94.42
94.19
96.91
98.38
98.52
100.0
100.0
100.0
100.0
100.0
100.0
100.0
97.16
97.65
95.33
94.9
95.36
95.54
95.44
97.78
99.96
99.87
97.29
97.35
100.0
100.0
100.0
97.98
93.45
95.88
97.72
97.85
99.87
99.89
99.99
100.0
100.0
100.0
100.0
100.0
99.41
99.75
99.6
99.22
99.91
100.0
95.01
93.9
93.77
93.67
93.21
93.04
92.83
93.81
93.93
93.98
93.69
96.71
95.64
94.94
94.95
95.0
94.36
97.41
97.59
95.45
97.63
93.82
94.3
94.46
93.89
97.02
100.0
99.66
95.61
99.17
100.0
100.0
95.23
98.21
97.19
95.69
95.2
95.22
95.3
95.33
95.32
95.18
95.13
94.81
94.29
94.58
96.21
99.96
99.44
99.82
99.78
99.79
99.44
97.47
99.39
97.74
99.22
97.54
97.21
98.28
96.67
96.67
96.42
98.17
99.17
97.43
99.91
99.57
96.57
97.81
97.8
94.87
94.51
93.98
94.43
97.13
96.5
94.78
95.16
94.08
93.63
93.78
94.0
94.58
94.8
94.82
94.62
94.41
94.27
95.71
95.71
95.42
96.09
95.77
95.86
98.3
99.84
96.91
95.17
94.97
95.11
94.46
95.5
95.88
95.76
98.61
96.99
97.89
99.56
97.78
97.16
95.41
95.3
96.37
96.32
97.09
98.11
97.56
96.95
96.47
98.22
97.63
97.01
96.14
97.49
94.17
93.81
93.04
93.41
96.09
95.09
95.04
97.27
96.08
95.7
96.74
99.54
99.36
97.52
96.65
96.83
96.68
95.3
95.1
94.59
94.01
95.97
97.18
94.89
94.06
94.45
93.94
96.75
99.44
100.0
99.98
95.76
95.56
96.65
100.0
97.46
95.77
94.88
94.22
99.15
96.08
96.49
99.99
97.86
97.59
96.36
94.82
96.13
98.49
97.34
93.12
94.22
94.52
94.52
94.1
94.7
96.21
95.87
95.32
93.95
93.62
93.41
93.37
93.34
93.36
93.53
93.87
97.21
98.98
98.96
99.22
99.49
98.85
98.45
97.84
98.75
97.97
97.15
96.05
96.69
97.08
95.88
95.37
97.41
95.27
95.68
94.31
93.3
94.92
96.26
96.25
96.24
96.27
96.23
96.17
96.23
97.03
97.21
95.77
96.44
96.24
96.29
97.03
96.12
96.23
96.06
95.62
96.56
96.57
96.75
96.68
96.77
95.46
96.93
96.88
97.24
98.59
99.66
99.76
100.0
100.0
100.0
100.0
100.0
100.0
100.0
100.0
100.0
99.94
99.93
99.99
100.0
99.98
99.96
99.87
99.83
100.0
100.0
100.0
100.0
100.0
100.0
100.0
100.0
99.92
100.0
100.0
100.0
100.0
100.0
100.0
100.0
99.97
100.0
100.0
100.0
100.0
100.0
100.0
100.0
100.0
99.57
100.0
98.62
95.06
94.66
95.26
96.2
96.52
94.82
95.49
96.36
96.36
96.36
96.41
96.9
94.32
