86.95
48.53
59.14
48.24
40.32
42.76
44.78
44.96
51.39
53.46
51.89
50.05
49.36
49.2
49.22
48.51
52.36
52.41
51.78
53.31
56.06
55.38
56.74
59.62
60.48
61.31
59.04
73.23
83.38
55.49
76.09
59.1
44.42
32.68
30.31
31.26
21.05
11.36
13.59
13.83
15.13
16.64
23.81
22.62
22.27
22.91
22.98
23.81
24.22
23.38
48.88
46.26
48.65
49.82
50.43
44.0
42.9
44.14
42.79
40.66
38.73
39.27
42.31
36.98
34.54
34.33
34.84
35.01
35.06
38.38
47.41
48.34
49.77
50.65
51.55
50.2
48.24
47.81
49.56
51.11
43.13
31.21
29.01
27.99
27.93
29.03
27.42
30.4
34.35
33.2
32.74
32.65
32.78
33.76
33.73
32.5
31.39
31.51
35.91
30.38
27.94
36.32
35.39
35.6
33.24
32.29
31.95
31.54
31.98
30.56
31.71
31.79
30.17
27.11
20.25
20.33
21.7
20.13
19.74
18.16
13.4
8.35
8.87
10.06
10.77
11.92
12.94
17.78
21.56
17.04
19.97
20.36
18.22
15.75
20.61
16.94
12.69
10.83
9.74
13.49
13.05
12.43
11.56
22.21
25.26
30.76
20.68
22.66
20.89
34.49
97.43
97.43
61.2
6.41
10.94
12.3
13.31
11.65
11.96
39.61
24.79
51.51
38.72
56.71
40.87
53.22
32.01
35.98
41.82
36.87
46.77
42.26
44.41
45.48
52.84
55.7
53.47
44.86
36.24
22.93
24.89
31.07
37.57
32.33
29.75
31.25
34.11
41.94
42.99
45.59
51.03
45.89
51.56
50.42
50.26
43.94
40.75
39.67
38.55
38.62
42.9
46.0
46.4
45.96
51.75
48.23
47.05
46.27
46.05
45.26
44.64
45.44
46.73
68.65
72.95
75.71
63.51
52.67
55.11
54.37
54.02
67.67
70.64
70.83
67.85
62.31
62.05
64.54
66.6
71.54
72.93
66.48
65.82
64.09
65.73
64.84
57.55
60.5
57.22
53.44
51.24
50.06
48.87
35.77
47.73
60.41
59.69
56.91
78.44
55.07
50.37
49.03
49.27
53.57
55.51
55.71
53.29
58.27
60.24
56.91
66.87
57.04
63.76
61.78
60.89
58.62
56.5
63.77
72.65
69.46
58.55
58.85
60.72
58.01
54.35
52.22
49.74
57.28
53.56
67.44
65.54
69.17
61.61
57.24
61.24
62.31
58.92
50.84
47.87
48.17
50.01
51.02
51.7
53.29
54.93
55.91
53.33
53.62
52.86
52.13
51.8
50.64
51.18
52.37
60.49
64.51
41.44
41.76
52.43
50.85
49.52
48.74
43.93
40.98
60.78
44.19
40.8
41.43
35.26
31.3
43.66
40.22
38.6
39.83
43.33
51.75
37.79
66.45
36.52
35.95
33.02
31.33
43.37
25.55
19.52
37.81
52.14
47.03
58.8
53.18
54.03
54.21
48.56
53.55
55.01
62.7
53.48
57.57
46.92
47.67
46.48
45.84
31.78
31.05
29.46
28.54
28.13
28.07
30.37
31.63
29.42
31.17
31.59
43.27
43.29
37.75
38.79
37.94
38.87
47.58
37.89
34.79
40.12
40.46
39.89
41.43
40.77
58.45
71.61
63.17
31.72
36.85
40.3
58.07
36.89
72.89
40.55
29.28
20.06
19.13
18.87
19.13
19.58
19.77
19.53
19.04
32.54
42.44
49.88
51.09
43.91
44.32
43.52
41.97
41.68
45.83
46.72
40.08
57.14
46.81
39.73
39.38
37.84
37.58
40.9
53.11
44.09
36.14
42.47
44.82
33.27
38.24
36.54
33.22
31.53
31.36
36.21
54.82
78.53
31.13
27.1
28.52
28.99
30.07
30.34
28.06
25.83
26.89
29.1
28.8
30.38
34.38
33.83
31.61
29.84
28.52
28.37
31.38
33.61
31.15
30.57
39.44
38.87
36.95
38.84
38.53
38.34
41.53
36.69
36.9
46.57
39.58
35.54
33.26
34.43
36.97
36.76
31.59
31.59
34.96
36.4
36.83
35.75
33.69
34.73
36.61
42.64
43.21
39.98
34.55
28.79
27.17
22.22
23.96
26.4
27.59
31.41
37.93
39.21
25.35
21.12
19.0
19.97
19.79
17.99
28.52
24.96
23.13
23.58
21.9
18.55
23.42
38.36
41.78
44.02
35.49
36.89
33.47
23.49
17.31
21.18
31.31
25.53
25.85
25.56
22.88
35.48
23.0
29.0
34.14
69.56
28.58
34.93
38.02
29.78
22.12
25.96
27.24
27.29
30.83
29.39
35.02
41.86
28.2
25.33
23.82
23.43
23.95
24.92
26.39
28.36
32.05
33.8
37.37
43.7
43.95
42.59
43.23
43.57
41.66
40.48
40.69
39.98
39.57
39.44
37.38
37.1
36.45
35.2
34.8
34.59
32.14
30.22
33.18
43.02
77.65
45.21
36.56
37.0
36.75
36.69
37.13
37.46
66.51
77.43
46.05
45.86
48.04
49.84
83.03
57.76
47.99
46.51
50.93
69.09
43.05
43.08
42.61
46.77
89.16
76.13
46.93
42.94
40.01
38.56
38.21
38.72
38.18
38.15
36.93
38.16
37.94
37.36
37.77
38.27
38.28
38.98
36.97
37.73
36.32
38.02
37.36
37.66
37.89
36.59
37.41
37.59
36.01
37.97
38.27
34.4
31.59
31.2
29.8
29.75
29.3
30.55
29.15
29.58
29.06
29.53
28.7
28.9
29.11
28.66
28.95
29.23
28.03
25.64
22.64
19.22
34.22
32.71
32.54
33.63
37.11
65.89
34.13
32.24
32.49
32.54
33.36
42.02
67.6
