93.24
84.35
88.66
84.53
80.4
82.08
83.68
84.31
85.42
86.75
86.58
86.1
86.57
86.39
86.86
86.66
86.65
86.32
86.65
86.86
87.24
86.8
87.6
88.04
88.3
88.52
86.91
94.4
100.0
98.44
100.0
95.85
90.93
85.21
81.48
80.31
72.44
69.49
70.35
69.71
70.58
71.86
71.62
70.93
70.96
71.28
71.3
71.64
71.92
70.59
80.03
79.3
81.1
81.26
82.64
79.4
79.13
80.75
82.42
79.12
77.97
78.71
78.5
79.07
79.17
79.18
79.58
79.64
79.71
80.07
81.5
82.73
82.53
82.87
83.48
83.73
82.45
83.33
83.93
83.49
82.57
80.51
80.08
79.94
80.31
80.54
79.54
80.44
81.93
81.87
82.14
82.2
82.25
82.64
82.67
82.1
81.22
81.45
87.1
84.41
79.56
80.8
82.21
83.32
80.87
79.61
79.41
79.71
82.82
79.61
81.04
81.31
79.85
77.12
70.22
69.26
63.32
57.68
56.12
57.56
58.13
61.44
60.07
60.49
59.4
58.73
59.22
56.9
54.33
49.1
53.49
56.74
53.13
47.3
49.41
58.29
57.87
57.5
56.19
63.08
63.73
62.03
60.15
68.11
68.61
72.2
60.8
53.78
51.64
62.14
97.43
97.43
79.71
60.56
65.9
67.69
68.25
67.61
67.49
73.89
68.9
77.94
74.18
80.7
75.38
82.46
75.68
76.78
75.29
73.77
80.07
79.45
80.54
81.36
82.3
82.42
84.36
80.66
78.13
72.71
73.87
77.59
79.85
78.87
77.86
79.09
79.87
80.62
80.28
81.23
83.5
82.16
82.81
82.43
82.98
82.28
82.52
82.44
82.52
82.63
84.12
84.64
84.61
84.28
85.08
85.76
85.83
85.6
85.73
85.29
85.46
86.66
86.06
89.59
91.3
91.31
88.53
86.9
87.62
87.34
87.2
89.32
90.2
89.65
89.4
88.23
88.44
89.12
90.79
93.49
94.76
91.35
90.78
89.79
90.84
90.49
88.84
90.37
88.94
85.77
84.75
84.57
84.02
79.6
83.3
89.65
87.92
87.83
95.29
89.2
86.96
88.19
89.7
89.18
88.95
87.33
87.62
88.97
90.84
91.15
90.92
87.68
90.83
88.92
88.73
88.66
88.71
92.07
93.98
90.49
89.4
88.82
89.2
87.92
88.08
86.86
86.4
87.75
87.18
90.74
90.63
96.52
90.64
89.24
91.12
92.06
89.66
86.61
86.55
86.61
87.31
87.78
86.99
86.88
88.43
90.64
88.81
90.35
89.52
89.26
87.82
87.34
87.28
87.64
88.16
88.34
84.86
84.06
89.28
89.82
89.93
93.38
89.89
90.18
92.93
91.81
93.89
90.63
78.83
79.31
83.84
83.14
83.31
84.4
84.15
91.48
87.82
95.32
84.29
83.79
85.61
85.99
89.79
79.8
74.76
82.17
91.0
90.02
97.69
95.49
95.46
96.09
94.93
97.69
97.46
96.66
92.84
94.54
91.5
92.22
90.71
94.37
82.88
80.83
80.18
79.83
79.6
79.14
79.44
81.27
80.92
81.15
81.0
83.83
82.45
81.84
81.73
82.29
82.16
86.61
83.85
82.29
85.19
83.11
83.22
83.68
83.5
90.82
99.86
98.19
83.35
89.62
94.29
97.97
84.2
93.89
85.02
80.4
77.85
77.58
77.63
77.6
77.8
77.71
77.61
77.03
79.45
82.9
85.5
90.95
86.48
86.91
86.56
86.26
85.88
84.31
86.28
83.28
90.63
84.99
82.93
83.61
81.43
81.45
82.42
88.4
85.97
81.47
86.79
88.28
79.86
83.17
82.64
80.43
80.26
79.87
80.84
89.24
91.98
78.34
77.32
77.67
77.88
78.88
79.19
79.36
79.85
80.23
80.3
80.38
79.69
81.08
80.57
79.55
79.37
78.84
78.54
81.46
84.06
81.45
80.02
82.27
82.23
80.51
82.25
82.23
81.63
85.01
82.49
83.32
88.81
83.27
83.14
81.68
80.94
82.68
82.69
81.77
81.94
80.2
81.16
81.69
82.66
82.38
82.08
81.08
83.56
79.19
78.53
75.94
73.62
76.63
74.4
75.37
77.2
78.25
78.35
79.75
85.22
79.63
76.71
75.05
75.18
75.39
74.12
74.81
73.5
72.67
73.06
74.15
71.53
72.29
77.67
79.53
81.91
81.89
83.06
80.02
73.63
72.95
73.56
79.61
77.45
73.28
72.52
71.27
77.86
70.84
74.79
82.94
88.22
75.56
78.45
78.82
74.81
72.66
73.26
72.26
72.66
74.36
75.85
76.63
79.76
80.07
79.31
77.75
76.42
76.02
76.04
76.14
77.13
78.37
78.81
80.07
85.56
87.81
88.04
88.16
88.33
88.3
87.98
87.48
87.98
87.9
87.93
87.11
87.19
86.69
86.17
85.68
86.06
83.91
82.93
83.51
83.8
90.22
86.53
84.88
85.2
85.26
85.18
85.29
85.44
89.64
93.42
84.57
85.61
86.24
86.95
93.83
88.18
86.45
85.88
88.01
91.32
86.78
86.89
86.83
88.12
93.68
93.54
87.51
87.2
88.02
88.85
88.69
89.72
90.66
91.17
90.84
91.02
90.92
90.52
90.92
90.7
89.91
89.4
89.56
90.08
89.76
89.55
89.44
89.19
89.92
90.16
90.31
90.63
89.94
90.53
92.43
93.02
93.79
95.28
96.22
96.71
97.42
99.24
99.14
99.26
99.22
99.31
99.02
99.15
99.29
98.79
99.22
99.4
99.22
96.6
94.44
91.39
84.28
82.22
82.83
84.57
85.43
91.0
82.99
84.31
84.42
84.52
84.57
85.4
89.3
