85.62
51.97
52.31
50.09
40.89
40.18
33.91
28.48
20.06
14.25
16.63
19.65
30.06
28.84
28.59
33.72
48.07
47.97
49.34
50.09
54.3
58.65
59.01
31.81
27.63
28.94
33.83
33.79
33.72
27.46
24.67
24.67
22.64
25.5
26.24
25.73
26.02
27.28
29.17
30.08
31.73
32.55
34.53
36.45
37.18
40.21
40.72
41.74
39.46
39.29
36.95
40.09
42.23
41.22
41.45
39.85
63.22
64.46
61.86
62.06
64.21
67.52
70.83
65.59
54.72
64.3
79.15
72.97
69.96
59.97
58.25
45.75
40.81
52.54
67.04
52.2
36.03
33.32
30.73
31.31
43.29
41.46
42.92
47.03
51.97
52.01
50.95
51.82
53.92
52.46
48.21
53.57
58.43
59.43
59.27
59.84
60.51
60.29
59.82
54.47
39.24
39.46
35.14
37.07
69.68
68.25
61.33
62.0
59.84
61.55
61.45
66.53
69.31
45.53
44.57
44.87
44.9
43.66
43.96
46.1
44.85
59.53
57.39
57.13
57.87
56.75
54.93
55.95
56.42
57.83
57.43
57.36
56.45
56.1
57.02
56.24
56.35
57.26
55.42
55.92
56.92
56.47
59.65
63.78
59.19
58.2
52.22
49.48
49.69
59.23
59.02
57.82
53.76
54.12
53.89
53.07
55.19
55.21
55.13
54.59
54.25
53.95
65.7
55.41
54.87
53.94
59.35
64.58
54.93
58.78
76.93
72.84
69.92
69.25
65.42
71.7
59.56
56.35
52.46
53.58
56.29
57.76
56.56
56.65
58.3
54.59
60.98
54.74
52.8
53.31
54.58
53.53
55.11
49.39
51.93
68.81
55.49
65.28
68.46
63.31
59.67
58.46
53.74
53.82
60.56
60.81
59.99
60.02
64.53
63.95
65.19
58.13
57.27
53.98
60.42
64.08
57.02
53.95
50.61
51.7
54.75
53.35
52.62
49.49
37.76
37.66
57.82
60.62
58.25
57.16
43.84
43.05
53.28
59.07
62.63
61.58
62.13
60.66
60.25
59.65
60.34
63.61
41.33
40.57
60.56
60.62
58.61
59.04
64.33
59.9
58.44
58.38
67.74
56.35
46.11
62.38
69.47
51.88
51.93
48.42
40.97
61.64
66.16
62.04
56.06
53.95
55.15
48.83
49.17
46.91
41.2
36.75
36.48
37.48
37.7
37.76
62.81
63.52
40.5
39.81
44.24
44.96
47.54
43.8
40.38
36.86
36.37
35.5
35.86
35.74
36.02
36.44
54.74
65.75
58.21
63.47
58.35
62.4
66.44
95.54
61.01
29.92
32.2
32.08
30.92
39.34
41.81
43.83
53.03
45.8
45.39
45.48
50.98
56.92
55.72
57.11
53.36
54.48
56.43
53.48
58.06
56.35
58.32
69.54
47.77
48.66
48.83
49.83
53.48
50.02
52.06
58.13
59.84
60.89
52.03
47.27
50.07
71.64
72.61
64.04
34.22
33.78
33.25
37.9
37.57
35.63
37.96
36.75
34.59
34.59
33.99
31.94
27.32
30.72
29.54
42.0
23.52
33.81
39.15
43.5
47.89
24.87
25.32
26.01
25.53
28.91
32.49
32.16
29.05
28.21
28.77
34.52
33.84
44.22
42.5
42.09
42.0
39.89
48.59
52.62
53.95
52.94
53.59
54.52
53.79
54.2
53.78
53.39
54.43
53.55
53.91
60.15
53.45
49.99
54.39
55.25
60.52
61.77
62.27
56.83
57.54
55.48
62.84
63.16
82.45
40.91
41.55
40.61
65.11
60.66
65.79
65.72
61.96
62.84
56.78
60.88
56.36
61.9
67.06
63.08
57.17
47.28
30.34
24.3
43.86
54.18
40.36
41.24
47.43
49.18
53.93
43.06
35.19
38.54
48.48
44.19
54.16
49.93
52.25
48.99
55.86
54.99
64.04
61.54
63.19
43.1
45.67
42.94
44.08
43.71
43.89
46.91
61.18
56.96
53.17
53.37
53.87
51.89
49.66
49.47
68.09
94.66
25.98
29.35
32.51
31.01
36.91
45.24
44.32
42.39
39.44
54.54
60.14
64.29
54.71
56.24
60.04
60.3
55.33
55.33
52.5
52.05
50.95
48.28
44.29
43.27
57.03
62.38
64.1
65.6
68.06
43.38
44.38
44.38
54.41
50.6
50.32
63.53
37.87
23.58
19.28
18.85
18.5
16.51
14.78
15.91
13.72
15.13
13.39
13.04
13.55
12.23
11.45
11.37
11.8
12.07
12.06
11.47
10.95
11.81
12.59
12.7
12.5
13.13
12.27
11.62
12.49
16.33
16.51
17.48
19.37
24.94
27.4
25.45
23.74
22.69
22.8
22.97
24.6
27.14
25.73
24.51
24.3
23.89
24.25
23.96
23.87
24.36
24.9
27.05
27.25
25.35
26.16
26.15
25.84
25.87
25.04
24.04
24.39
23.44
22.84
21.2
18.72
15.61
13.2
13.1
14.4
24.39
39.07
41.53
41.28
40.07
39.74
39.17
39.43
41.34
40.33
36.38
38.02
44.13
93.99
53.62
49.47
49.7
51.38
51.95
52.92
53.19
52.42
50.48
49.13
47.07
46.95
45.67
46.5
49.51
53.24
86.95
48.53
59.14
48.24
40.32
42.76
44.78
44.96
51.39
53.46
51.89
50.05
49.36
49.2
49.22
48.51
52.36
52.41
51.78
53.31
56.06
55.38
56.74
59.62
60.48
61.31
59.04
73.23
83.38
55.49
76.09
59.1
44.42
32.68
30.31
31.26
21.05
11.36
13.59
13.83
15.13
16.64
23.81
22.62
22.27
22.91
22.98
23.81
24.22
23.38
48.88
46.26
48.65
49.82
50.43
44.0
42.9
44.14
42.79
40.66
38.73
39.27
42.31
36.98
34.54
34.33
34.84
35.01
35.06
38.38
47.41
48.34
49.77
50.65
51.55
50.2
48.24
47.81
49.56
51.11
43.13
31.21
29.01
27.99
27.93
29.03
27.42
30.4
34.35
33.2
32.74
32.65
32.78
33.76
33.73
32.5
31.39
31.51
35.91
30.38
27.94
36.32
35.39
35.6
33.24
32.29
31.95
31.54
31.98
30.56
31.71
31.79
30.17
27.11
20.25
20.33
21.7
20.13
19.74
18.16
13.4
8.35
8.87
10.06
10.77
11.92
12.94
17.78
21.56
17.04
19.97
20.36
18.22
15.75
20.61
16.94
12.69
10.83
9.74
13.49
13.05
12.43
11.56
22.21
25.26
30.76
20.68
22.66
20.89
34.49
97.43
97.43
61.2
6.41
10.94
12.3
13.31
11.65
11.96
39.61
24.79
51.51
38.72
56.71
40.87
53.22
32.01
35.98
41.82
36.87
46.77
42.26
44.41
45.48
52.84
55.7
53.47
44.86
36.24
22.93
24.89
31.07
37.57
32.33
29.75
31.25
34.11
41.94
42.99
45.59
51.03
45.89
51.56
50.42
50.26
43.94
40.75
39.67
38.55
38.62
42.9
46.0
46.4
45.96
51.75
48.23
47.05
46.27
46.05
45.26
44.64
45.44
46.73
68.65
72.95
75.71
63.51
52.67
55.11
54.37
54.02
67.67
70.64
70.83
67.85
62.31
62.05
64.54
66.6
71.54
72.93
66.48
65.82
64.09
65.73
64.84
57.55
60.5
57.22
53.44
51.24
50.06
48.87
35.77
47.73
60.41
59.69
56.91
78.44
55.07
50.37
49.03
49.27
53.57
55.51
55.71
53.29
58.27
60.24
56.91
66.87
57.04
63.76
61.78
60.89
58.62
56.5
63.77
72.65
69.46
58.55
58.85
60.72
58.01
54.35
52.22
49.74
57.28
53.56
67.44
65.54
69.17
61.61
57.24
61.24
62.31
58.92
50.84
47.87
48.17
50.01
51.02
51.7
53.29
54.93
55.91
53.33
53.62
52.86
52.13
51.8
50.64
51.18
52.37
60.49
64.51
41.44
41.76
52.43
50.85
49.52
48.74
43.93
40.98
60.78
44.19
40.8
41.43
35.26
31.3
43.66
40.22
38.6
39.83
43.33
51.75
37.79
66.45
36.52
35.95
33.02
31.33
43.37
25.55
19.52
37.81
52.14
47.03
58.8
53.18
54.03
54.21
48.56
53.55
55.01
62.7
53.48
57.57
46.92
47.67
46.48
45.84
31.78
31.05
29.46
28.54
28.13
28.07
30.37
31.63
29.42
31.17
31.59
43.27
43.29
37.75
38.79
37.94
38.87
47.58
37.89
34.79
40.12
40.46
39.89
41.43
40.77
58.45
71.61
63.17
31.72
36.85
40.3
58.07
36.89
72.89
40.55
29.28
20.06
19.13
18.87
19.13
19.58
19.77
19.53
19.04
32.54
42.44
49.88
51.09
43.91
44.32
43.52
41.97
41.68
45.83
46.72
40.08
57.14
46.81
39.73
39.38
37.84
37.58
40.9
53.11
44.09
36.14
42.47
44.82
33.27
38.24
36.54
33.22
31.53
31.36
36.21
54.82
78.53
31.13
27.1
28.52
28.99
30.07
30.34
28.06
25.83
26.89
29.1
28.8
30.38
34.38
33.83
31.61
29.84
28.52
28.37
31.38
33.61
31.15
30.57
39.44
38.87
36.95
38.84
38.53
38.34
41.53
36.69
36.9
46.57
39.58
35.54
33.26
34.43
36.97
36.76
31.59
31.59
34.96
36.4
36.83
35.75
33.69
34.73
36.61
42.64
43.21
39.98
34.55
28.79
27.17
22.22
23.96
26.4
27.59
31.41
37.93
39.21
25.35
21.12
19.0
19.97
19.79
17.99
28.52
24.96
23.13
23.58
21.9
18.55
23.42
38.36
41.78
44.02
35.49
36.89
33.47
23.49
17.31
21.18
31.31
25.53
25.85
25.56
22.88
35.48
23.0
29.0
34.14
69.56
28.58
34.93
38.02
29.78
22.12
25.96
27.24
27.29
30.83
29.39
35.02
41.86
28.2
25.33
23.82
23.43
23.95
24.92
26.39
28.36
32.05
33.8
37.37
43.7
43.95
42.59
43.23
43.57
41.66
40.48
40.69
39.98
39.57
39.44
37.38
37.1
36.45
35.2
34.8
34.59
32.14
30.22
33.18
43.02
77.65
45.21
36.56
37.0
36.75
36.69
37.13
37.46
66.51
77.43
46.05
45.86
48.04
49.84
83.03
57.76
47.99
46.51
50.93
69.09
43.05
43.08
42.61
46.77
89.16
76.13
46.93
42.94
40.01
38.56
38.21
38.72
38.18
38.15
36.93
38.16
37.94
37.36
37.77
38.27
38.28
38.98
36.97
37.73
36.32
38.02
37.36
37.66
37.89
36.59
37.41
37.59
36.01
37.97
38.27
34.4
31.59
31.2
29.8
29.75
29.3
30.55
29.15
29.58
29.06
29.53
28.7
28.9
29.11
28.66
28.95
29.23
28.03
25.64
22.64
19.22
34.22
32.71
32.54
33.63
37.11
65.89
34.13
32.24
32.49
32.54
33.36
42.02
67.6
