97.18
99.56
95.77
96.41
98.37
99.55
99.54
99.92
99.82
99.31
96.22
93.28
94.11
94.02
94.04
93.92
96.24
96.03
96.08
95.66
99.03
95.98
95.96
94.07
93.4
94.49
96.16
96.17
95.89
94.11
93.76
91.79
90.73
95.18
96.86
96.92
95.9
95.77
95.47
95.23
94.95
94.72
94.25
93.7
95.03
95.09
94.7
94.0
97.57
98.93
95.05
94.49
94.67
94.63
96.28
97.54
96.59
97.72
97.41
96.24
95.85
95.57
95.65
95.6
96.1
96.01
98.21
96.84
97.63
96.06
95.13
95.06
95.17
93.69
96.59
95.91
96.86
98.53
97.37
95.2
97.63
96.62
96.15
95.28
95.39
95.64
95.78
96.01
95.1
94.92
94.81
94.63
95.71
95.93
96.0
96.94
97.19
96.21
96.01
95.39
94.44
96.1
94.21
93.78
95.19
96.47
96.02
96.0
96.31
95.87
95.12
96.85
98.36
98.18
96.47
97.87
97.98
95.9
97.39
99.4
94.82
99.19
97.28
96.42
95.61
95.4
95.05
96.32
95.52
95.38
95.49
95.8
95.16
95.46
95.71
95.77
95.49
95.42
95.55
96.04
95.72
95.1
98.25
99.58
95.36
94.97
94.7
94.9
94.82
94.31
95.22
95.78
95.1
95.88
94.58
93.76
95.68
95.49
95.79
95.96
95.01
94.1
95.53
93.66
94.92
94.77
93.99
94.78
95.05
95.21
94.72
94.51
95.03
95.34
95.66
97.74
97.93
96.62
95.92
97.13
98.18
97.85
97.45
97.51
98.33
94.85
100.0
99.09
97.83
95.5
95.74
95.64
99.11
98.09
95.87
97.39
97.03
94.55
96.74
94.6
96.38
97.09
95.37
95.1
94.25
94.15
97.05
95.07
96.73
99.97
100.0
99.01
100.0
98.42
95.83
96.14
95.76
95.83
96.61
96.05
93.81
95.53
95.74
95.63
95.3
97.15
98.57
97.93
94.77
96.76
94.9
94.94
95.42
95.39
95.59
94.88
94.34
94.91
94.59
94.78
94.49
96.86
96.48
96.66
98.6
96.21
96.91
96.8
97.83
96.13
94.67
95.11
99.09
98.27
96.85
96.34
95.2
95.52
94.72
95.66
97.09
93.78
94.07
96.51
95.04
96.72
95.44
95.17
95.02
94.76
97.55
99.18
99.02
98.76
96.23
94.82
97.47
97.71
96.49
95.34
96.74
93.34
93.7
93.44
94.07
95.75
95.47
95.56
95.56
95.59
95.37
95.23
94.47
98.42
96.51
96.43
95.02
97.23
98.12
96.9
98.17
92.19
92.66
93.96
93.96
95.19
96.54
98.46
97.02
95.2
96.38
96.48
96.49
98.94
96.52
98.37
96.64
96.0
96.71
94.63
99.28
99.12
95.4
95.0
97.01
96.91
96.93
99.03
98.51
96.22
96.98
98.26
98.25
96.34
94.06
94.17
94.03
96.14
94.52
94.42
95.75
95.28
96.11
100.0
100.0
100.0
99.99
100.0
100.0
100.0
100.0
98.39
96.94
97.0
94.4
98.52
96.47
100.0
100.0
100.0
100.0
95.63
95.23
95.32
96.13
99.74
100.0
100.0
99.8
96.2
94.45
95.88
95.71
95.18
94.66
95.02
95.69
96.44
95.28
95.52
96.57
96.4
95.39
95.21
95.14
96.12
95.16
95.11
96.32
94.86
95.63
96.95
95.43
96.26
95.11
93.36
94.07
95.65
95.86
97.1
95.02
94.47
97.25
97.1
98.43
97.19
97.47
96.41
97.11
94.82
97.81
99.02
94.22
93.16
91.72
94.04
96.21
96.23
98.14
97.91
99.88
99.04
100.0
98.7
98.36
95.18
97.65
97.21
94.55
93.57
98.86
100.0
100.0
100.0
97.3
96.7
97.9
96.43
97.48
94.8
95.41
94.21
99.18
99.12
100.0
96.81
96.24
96.04
95.51
95.62
96.91
96.4
98.16
97.52
95.49
95.36
96.16
96.25
95.7
95.58
96.33
97.01
98.83
100.0
100.0
100.0
99.93
100.0
100.0
99.06
95.27
93.99
94.06
95.25
96.38
96.5
96.66
94.78
97.57
96.59
93.32
93.83
94.62
94.42
95.41
95.2
94.51
94.19
95.38
97.24
97.58
97.3
96.51
96.33
95.85
97.38
97.03
95.15
97.86
98.39
98.32
98.99
99.46
99.77
99.38
99.78
99.74
99.41
99.01
99.69
99.79
99.45
99.32
99.51
99.25
99.74
99.58
99.34
99.35
99.86
99.94
99.48
99.42
99.7
98.96
99.17
99.44
98.96
98.53
98.66
99.12
99.78
99.96
100.0
100.0
99.93
98.65
99.84
97.14
98.99
99.23
100.0
100.0
100.0
98.7
97.95
98.36
100.0
98.82
98.64
100.0
98.42
99.98
100.0
100.0
100.0
100.0
100.0
100.0
99.78
100.0
99.17
98.74
98.28
95.82
94.03
94.95
94.92
98.83
98.54
98.55
99.23
99.3
99.05
98.73
97.26
96.89
97.23
96.65
97.54
97.2
95.26
96.71
96.88
97.0
95.35
94.98
94.88
96.39
96.44
95.68
95.02
94.86
94.88
95.69
96.31
96.1
95.74
94.82
95.2
95.51
94.99
95.23
95.24
95.28
95.19
95.18
95.4
95.42
95.58
95.46
95.75
95.62
95.38
94.69
94.95
94.83
94.37
94.26
94.13
94.06
94.59
95.13
94.96
97.93
100.0
100.0
100.0
99.12
99.84
99.31
97.35
96.51
94.75
95.51
94.83
94.83
95.17
94.93
94.54
94.49
94.46
94.14
94.2
94.07
93.83
93.47
94.98
94.05
94.06
94.02
95.56
94.89
95.29
97.05
98.63
95.26
95.68
96.36
94.51
94.8
95.1
95.09
95.12
95.07
94.91
94.55
94.96
96.77
96.04
94.74
95.27
95.32
94.41
95.47
95.14
94.5
95.35
94.11
93.98
93.98
93.92
93.92
93.69
94.41
95.36
95.45
95.81
96.32
96.35
96.22
95.94
95.74
95.48
95.65
99.18
99.97
100.0
96.74
98.49
99.6
96.49
96.71
96.64
97.65
99.96
97.23
98.04
100.0
100.0
99.91
99.9
99.84
98.95
92.73
96.39
96.42
93.78
94.76
95.49
95.75
95.74
95.73
96.23
97.6
98.13
94.41
95.96
98.53
97.75
95.59
95.62
95.3
96.4
94.72
94.31
98.21
99.82
99.55
97.04
100.0
100.0
100.0
99.95
99.97
97.77
99.47
97.43
97.43
94.96
93.8
94.0
94.03
93.62
93.4
93.44
95.74
93.08
95.23
93.01
95.35
93.75
96.02
94.65
95.4
95.34
93.82
95.24
94.72
94.67
94.55
94.13
95.66
97.23
95.24
96.63
94.76
96.12
99.0
96.61
94.76
94.34
94.55
94.96
94.53
94.48
95.09
95.06
94.56
94.37
94.03
93.47
93.09
93.09
93.18
93.3
93.41
93.67
93.65
93.85
93.74
93.67
94.34
94.31
94.39
94.55
94.21
94.14
94.67
93.51
95.14
96.09
95.44
95.05
94.18
94.48
94.47
94.11
95.18
96.18
95.38
94.65
94.24
94.93
95.41
96.9
98.24
98.9
96.81
97.1
95.95
96.43
96.37
95.86
96.88
96.05
95.2
94.58
94.47
94.65
95.85
94.78
96.52
95.03
95.95
99.09
97.17
97.11
98.69
99.61
98.58
97.79
95.83
96.42
97.07
98.98
99.46
97.35
96.23
97.5
95.48
95.41
95.36
95.92
98.66
98.03
96.0
96.82
96.36
96.5
95.9
97.32
95.95
95.95
95.78
95.99
96.77
96.48
99.95
98.04
97.4
98.79
99.37
98.09
94.48
94.2
94.27
94.45
94.65
94.92
94.27
95.09
97.5
95.46
97.46
97.31
96.72
94.77
94.55
94.59
95.65
94.87
94.23
94.42
94.19
96.91
98.38
98.52
100.0
100.0
100.0
100.0
100.0
100.0
100.0
97.16
97.65
95.33
94.9
95.36
95.54
95.44
97.78
99.96
99.87
97.29
97.35
100.0
100.0
100.0
97.98
93.45
95.88
97.72
97.85
99.87
99.89
99.99
100.0
100.0
100.0
100.0
100.0
99.41
99.75
99.6
99.22
99.91
100.0
95.01
93.9
93.77
93.67
93.21
93.04
92.83
93.81
93.93
93.98
93.69
96.71
95.64
94.94
94.95
95.0
94.36
97.41
97.59
95.45
97.63
93.82
94.3
94.46
93.89
97.02
100.0
99.66
95.61
99.17
100.0
100.0
95.23
98.21
97.19
95.69
95.2
95.22
95.3
95.33
95.32
95.18
95.13
94.81
94.29
94.58
96.21
99.96
99.44
99.82
99.78
99.79
99.44
97.47
99.39
97.74
99.22
97.54
97.21
98.28
96.67
96.67
96.42
98.17
99.17
97.43
99.91
99.57
96.57
97.81
97.8
94.87
94.51
93.98
94.43
97.13
96.5
94.78
95.16
94.08
93.63
93.78
94.0
94.58
94.8
94.82
94.62
94.41
94.27
95.71
95.71
95.42
96.09
95.77
95.86
98.3
99.84
96.91
95.17
94.97
95.11
94.46
95.5
95.88
95.76
98.61
96.99
97.89
99.56
97.78
97.16
95.41
95.3
96.37
96.32
97.09
98.11
97.56
96.95
96.47
98.22
97.63
97.01
96.14
97.49
94.17
93.81
93.04
93.41
96.09
95.09
95.04
97.27
96.08
95.7
96.74
99.54
99.36
97.52
96.65
96.83
96.68
95.3
95.1
94.59
94.01
95.97
97.18
94.89
94.06
94.45
93.94
96.75
99.44
100.0
99.98
95.76
95.56
96.65
100.0
97.46
95.77
94.88
94.22
99.15
96.08
96.49
99.99
97.86
97.59
96.36
94.82
96.13
98.49
97.34
93.12
94.22
94.52
94.52
94.1
94.7
96.21
95.87
95.32
93.95
93.62
93.41
93.37
93.34
93.36
93.53
93.87
97.21
98.98
98.96
99.22
99.49
98.85
98.45
97.84
98.75
97.97
97.15
96.05
96.69
97.08
95.88
95.37
97.41
95.27
95.68
94.31
93.3
94.92
96.26
96.25
96.24
96.27
96.23
96.17
96.23
97.03
97.21
95.77
96.44
96.24
96.29
97.03
96.12
96.23
96.06
95.62
96.56
96.57
96.75
96.68
96.77
95.46
96.93
96.88
97.24
98.59
99.66
99.76
100.0
100.0
100.0
100.0
100.0
100.0
100.0
100.0
100.0
99.94
99.93
99.99
100.0
99.98
99.96
99.87
99.83
100.0
100.0
100.0
100.0
100.0
100.0
100.0
100.0
99.92
100.0
100.0
100.0
100.0
100.0
100.0
100.0
99.97
100.0
100.0
100.0
100.0
100.0
100.0
100.0
100.0
99.57
100.0
98.62
95.06
94.66
95.26
96.2
96.52
94.82
95.49
96.36
96.36
96.36
96.41
96.9
94.32
