80.26
24.79
20.75
9.87
0.46
0.84
0.02
0.0
0.0
0.0
0.0
0.57
4.27
4.28
3.51
6.92
15.52
16.09
17.63
18.57
23.24
28.38
28.79
6.02
3.84
3.98
7.06
7.64
8.22
5.61
1.84
4.76
5.69
0.49
0.0
0.0
0.0
0.0
0.0
0.08
0.33
1.23
4.27
5.16
5.1
7.23
8.06
9.29
7.87
6.01
4.45
6.18
8.05
7.85
9.67
8.86
31.39
31.34
28.52
29.84
34.47
41.59
46.0
36.32
18.02
27.24
57.59
51.22
44.47
28.5
23.81
13.43
9.68
26.46
41.11
22.06
8.21
10.1
10.85
11.22
2.83
2.76
4.83
7.04
11.22
11.06
9.79
10.61
13.25
11.95
11.41
17.4
21.26
22.57
21.8
21.93
22.46
22.53
21.65
18.19
8.81
9.11
5.43
7.56
38.18
36.83
28.18
28.34
23.98
27.83
27.44
33.71
37.5
9.61
8.53
8.96
9.33
8.95
9.5
10.59
10.07
24.78
21.97
21.15
21.74
19.68
18.87
20.47
22.51
23.57
23.21
22.86
21.98
20.91
21.68
21.02
19.74
22.27
20.34
20.71
21.86
21.95
25.49
28.6
25.19
24.15
19.35
16.78
17.05
24.89
23.78
22.05
17.73
18.63
18.05
17.04
20.74
21.22
20.78
20.21
19.91
18.93
35.61
20.58
19.6
19.21
29.22
33.12
19.97
25.11
52.52
46.87
39.28
41.23
33.69
43.69
24.77
21.93
18.97
20.28
21.85
22.76
21.57
20.87
22.46
18.36
21.4
14.86
11.92
16.84
20.61
19.32
16.97
9.9
13.12
31.98
25.91
33.85
33.52
25.99
24.65
21.94
18.39
17.71
26.39
25.57
23.31
24.42
29.87
28.91
31.17
21.67
24.19
22.14
27.68
29.42
19.54
14.23
10.87
13.18
17.54
17.64
16.61
14.45
6.35
6.62
23.18
21.09
19.49
18.25
10.35
9.64
18.65
21.61
25.2
24.75
25.6
22.74
22.66
21.88
23.36
26.14
7.21
6.8
22.27
24.25
21.15
22.37
25.93
21.68
24.38
31.73
27.34
20.03
10.54
31.4
39.39
18.37
18.62
14.73
6.73
35.17
36.68
25.48
17.91
17.31
17.18
12.31
11.02
9.12
8.19
6.6
6.66
6.64
6.01
6.43
35.85
35.42
4.15
5.31
8.18
17.74
21.24
18.59
11.85
4.49
4.43
3.82
3.92
3.84
4.11
4.54
22.52
30.89
18.7
28.11
21.82
25.28
33.55
93.6
42.04
0.0
0.0
0.0
0.0
5.27
6.75
9.46
21.08
11.91
12.26
12.62
15.46
18.16
20.58
25.91
18.2
15.74
20.56
20.6
19.18
18.94
25.99
44.87
12.6
15.57
15.25
16.73
17.15
12.99
13.77
20.4
21.41
21.54
16.21
11.49
16.85
41.88
43.02
33.62
0.96
1.03
0.79
5.04
6.46
7.34
11.69
6.89
7.43
7.72
8.19
6.72
1.46
3.08
1.77
17.94
0.0
3.85
9.49
14.61
19.31
0.53
0.0
0.0
0.07
0.87
1.86
1.98
0.84
0.08
0.0
7.02
2.14
6.51
5.42
6.69
7.5
6.26
13.14
15.15
17.03
18.19
18.45
19.39
18.8
19.07
18.64
17.34
18.75
19.05
19.39
26.9
17.76
12.53
21.84
27.31
32.63
31.3
31.92
20.82
21.16
22.18
29.97
32.1
68.04
6.33
6.82
5.57
32.41
26.98
30.29
31.08
27.19
28.54
27.8
30.13
25.04
25.88
32.19
27.73
20.81
10.89
3.31
0.53
12.43
17.41
10.79
12.79
15.12
18.21
19.83
16.23
14.67
15.08
10.62
7.94
25.32
16.33
18.47
14.0
20.69
18.31
38.57
30.62
39.57
7.64
8.61
5.68
6.32
5.95
6.83
10.49
23.87
17.69
12.04
12.8
13.37
10.62
12.18
12.96
40.59
93.83
5.49
1.77
2.63
1.81
16.6
20.18
17.58
13.99
12.96
28.58
31.87
28.68
19.1
19.23
21.65
21.31
15.77
14.79
23.22
23.88
21.01
16.51
8.74
8.01
23.26
28.81
31.55
38.39
43.42
0.11
1.57
1.67
21.9
13.79
12.78
37.25
6.29
0.0
0.0
0.0
0.0
0.0
0.0
0.0
0.0
0.0
0.0
0.0
0.0
0.0
0.0
0.0
0.0
0.0
0.0
0.0
0.0
0.0
0.0
0.0
0.0
0.0
0.0
0.0
0.0
0.0
0.0
0.0
0.0
0.0
0.0
0.0
0.0
0.0
0.0
0.0
0.0
0.0
0.0
0.0
0.0
0.0
0.0
0.0
0.0
0.0
0.0
0.0
0.0
0.0
0.0
0.0
0.0
0.0
0.0
0.0
0.0
0.0
0.0
0.0
0.0
0.0
0.0
0.0
0.0
6.5
0.0
0.0
0.0
0.0
0.0
0.0
0.0
0.0
0.26
0.0
0.0
7.33
90.44
11.38
7.82
7.29
6.54
7.76
6.64
6.74
4.56
3.58
2.09
3.22
2.35
1.88
2.81
4.6
12.43
81.93
15.07
25.73
7.86
1.95
3.87
6.94
8.04
15.2
15.07
12.09
10.86
12.75
13.47
13.68
14.5
18.35
18.01
15.31
16.8
20.75
19.38
22.24
24.91
27.16
32.1
30.66
45.53
53.06
21.25
45.77
29.4
15.11
5.54
4.76
3.52
2.75
0.0
0.0
0.0
0.0
0.0
0.0
0.0
0.0
0.0
0.0
0.0
0.0
0.0
20.35
17.29
16.82
17.87
22.93
17.37
17.4
17.45
15.08
14.66
13.36
13.28
14.58
7.69
5.11
5.07
5.34
5.42
5.76
9.36
18.11
19.98
22.67
22.52
23.53
20.47
20.38
17.27
18.23
20.4
13.14
0.0
0.0
0.0
0.0
0.0
0.0
1.33
2.76
1.39
1.2
1.78
1.99
2.1
2.03
1.89
1.25
1.15
10.38
10.12
11.56
6.46
4.85
5.39
2.21
3.24
3.09
3.12
5.45
2.51
3.62
14.98
14.46
12.6
7.5
7.89
12.39
12.06
10.45
9.36
4.58
0.27
0.57
0.88
1.31
2.41
3.27
9.28
14.69
12.17
11.4
9.65
10.52
10.2
13.31
5.13
4.1
3.24
2.95
4.29
5.57
5.37
4.48
5.45
10.93
17.43
8.08
12.56
8.93
29.24
97.43
97.43
54.48
0.14
0.0
0.0
0.0
0.0
0.14
22.02
4.31
32.62
14.78
35.58
24.07
32.63
3.97
8.3
15.86
12.0
17.41
8.97
12.22
12.65
24.74
32.25
31.09
16.02
10.51
1.48
2.58
8.28
11.1
1.86
1.19
2.96
4.51
14.28
18.09
18.55
21.93
15.16
22.86
22.23
20.95
12.31
9.22
6.72
5.26
5.24
11.6
10.8
10.35
9.16
9.0
6.44
5.73
5.5
9.95
8.56
6.9
9.51
9.05
42.57
47.61
51.08
33.86
17.26
19.65
19.15
20.41
48.67
51.24
53.48
41.4
27.12
24.45
27.12
32.27
37.12
39.84
34.11
32.6
32.81
33.94
32.67
20.41
24.72
21.17
21.2
19.7
18.33
16.29
2.45
13.69
24.44
26.12
23.92
60.74
17.5
11.32
7.26
8.15
17.16
22.14
24.42
20.87
26.43
32.89
25.78
42.8
25.34
34.18
30.39
29.05
25.15
22.23
30.39
49.33
47.65
26.38
26.08
29.75
27.46
18.61
15.66
13.35
22.48
18.59
42.79
32.18
34.64
30.16
25.4
33.3
33.74
29.8
10.75
3.57
4.07
4.9
6.43
12.46
18.31
19.57
18.83
15.98
15.38
16.72
15.05
14.67
12.61
13.18
14.8
28.28
39.83
4.89
6.23
19.16
16.95
10.91
19.79
11.61
10.62
39.42
20.62
21.63
23.03
16.02
13.23
4.42
1.29
0.19
0.14
0.0
16.96
12.72
48.59
16.29
10.83
9.1
7.4
12.34
5.09
0.23
11.19
22.1
21.36
30.63
27.16
32.71
27.95
22.47
24.98
27.31
39.03
28.76
33.89
23.58
21.96
22.87
25.24
6.1
0.0
0.0
0.0
0.0
0.0
0.54
0.11
0.0
0.0
0.0
12.62
12.76
4.5
5.7
5.63
6.07
16.89
7.18
3.12
9.47
7.72
7.9
9.12
7.43
30.59
45.47
33.84
1.19
2.06
8.94
40.02
9.29
58.73
6.37
2.69
0.0
0.0
0.0
0.0
0.0
0.0
0.0
0.0
5.47
11.41
18.13
24.15
13.6
14.5
13.97
12.44
12.01
16.8
16.2
11.8
34.98
13.57
9.16
8.56
7.09
7.13
9.04
27.97
16.45
7.48
14.79
18.48
7.99
11.15
9.77
4.87
1.78
0.93
6.79
28.01
69.71
5.28
4.06
5.1
4.4
3.6
4.22
3.85
2.53
2.2
1.69
2.21
3.75
6.84
6.1
6.66
5.77
3.95
3.59
6.16
8.78
5.31
3.71
8.91
8.32
8.37
8.61
8.98
8.11
12.78
8.14
8.75
18.18
14.83
8.99
4.7
2.26
5.36
6.05
4.49
5.35
8.22
9.1
9.07
6.28
4.3
6.04
9.58
10.46
16.15
11.41
8.24
5.19
4.67
1.33
1.19
3.65
3.03
6.33
13.87
15.65
4.05
1.15
0.83
1.23
0.75
0.22
5.62
1.78
0.0
2.46
1.82
0.25
3.78
13.14
10.25
15.33
8.97
13.22
12.7
2.94
0.45
2.52
12.76
4.79
7.02
6.48
5.37
15.07
3.74
8.88
16.78
60.35
6.78
8.51
7.63
9.2
7.93
8.86
4.04
7.11
4.4
4.27
7.14
12.52
1.46
0.04
0.0
0.04
0.03
0.0
0.07
0.44
0.95
0.71
4.65
6.19
4.47
4.21
4.37
3.98
3.35
2.83
1.95
1.24
1.9
1.07
0.79
0.59
0.44
0.37
0.4
0.67
0.47
0.26
0.35
18.36
73.62
6.18
0.0
0.0
0.0
0.0
0.0
0.0
42.56
61.99
8.11
7.99
12.45
12.1
71.49
25.64
7.14
5.64
10.9
45.44
0.0
0.0
0.0
3.82
83.46
54.83
5.67
0.96
0.0
0.0
0.0
0.0
0.0
0.0
0.0
0.0
0.0
0.0
0.0
0.0
0.0
0.0
0.0
0.0
0.0
0.0
0.0
0.0
0.0
0.0
0.0
0.0
0.0
0.0
0.0
0.0
0.0
0.0
0.0
0.0
0.0
0.09
0.06
0.06
0.13
0.43
0.15
0.26
0.57
1.32
1.62
0.87
0.2
0.0
0.0
0.0
10.69
0.0
0.0
0.0
0.39
38.17
0.0
0.0
0.0
0.0
0.0
0.1
36.09
