94.41
90.2
86.1
86.76
86.57
86.2
85.68
83.09
80.74
78.3
76.61
73.07
76.44
75.4
75.27
76.96
84.27
83.75
85.11
85.25
89.12
87.74
87.86
76.74
76.33
77.28
80.55
80.43
79.31
73.82
72.09
72.61
72.16
78.31
80.78
80.58
80.11
80.54
81.52
82.06
82.3
82.25
82.41
82.21
83.55
84.93
85.02
83.57
85.61
87.88
84.33
84.02
84.59
83.88
84.53
84.73
91.05
91.92
90.91
90.34
89.94
89.4
89.93
89.59
89.45
91.13
94.34
91.25
91.09
88.73
89.41
82.66
80.3
82.48
88.87
86.34
84.83
83.01
78.93
75.87
86.79
86.23
85.19
86.15
88.55
88.74
88.33
88.96
89.18
88.17
87.05
87.43
89.57
90.11
90.02
90.96
91.43
90.99
90.8
87.46
78.09
79.53
76.28
76.68
90.27
90.85
88.86
89.08
89.53
89.13
89.03
91.0
93.88
87.29
85.74
86.97
87.22
85.3
84.9
88.7
83.06
91.31
89.61
89.24
89.37
89.02
88.05
88.59
88.53
88.91
88.88
88.81
88.41
88.46
88.91
88.49
88.75
88.42
88.18
88.53
88.73
88.28
91.53
94.49
89.3
88.87
86.72
85.89
85.86
87.65
88.32
88.17
86.69
87.5
86.23
85.07
87.01
86.97
87.22
87.21
86.29
85.61
89.09
85.56
86.9
86.23
86.58
88.89
86.7
87.38
91.11
90.03
90.16
90.24
89.95
92.78
90.31
88.27
86.0
87.14
89.04
89.84
89.34
89.76
90.96
87.1
95.82
92.05
90.36
87.3
87.39
87.09
93.43
89.12
87.57
93.07
88.34
89.52
92.42
89.15
90.21
91.7
88.97
88.66
88.57
88.84
89.85
88.62
90.93
94.03
94.98
92.8
95.23
92.12
88.79
90.18
88.62
88.41
88.35
87.7
86.38
87.18
87.19
85.81
80.9
82.18
90.78
92.47
88.85
90.17
83.1
82.74
87.31
90.27
90.85
90.11
89.54
89.64
89.19
89.4
89.65
93.16
84.47
84.93
92.7
88.99
89.59
89.28
93.68
89.74
87.66
86.88
93.11
88.45
82.75
88.64
90.56
85.26
84.26
84.81
85.52
86.76
88.22
89.41
87.57
89.31
87.61
85.86
85.45
85.34
85.01
85.1
84.96
84.83
82.95
81.81
89.83
91.23
84.38
83.23
85.54
81.0
81.55
80.69
79.8
79.88
79.81
79.43
79.7
79.54
79.64
79.59
85.83
93.93
89.13
91.28
89.08
90.83
91.86
96.55
90.17
76.53
77.15
77.62
77.39
81.8
83.84
86.55
88.28
83.8
84.55
84.3
86.75
90.97
87.47
87.19
85.79
88.05
88.95
85.98
93.73
90.99
87.19
89.41
85.6
85.48
85.27
90.07
90.06
86.12
87.4
90.95
90.71
89.35
84.55
83.71
83.94
91.05
89.93
87.53
80.28
80.09
80.85
88.6
88.9
88.39
86.92
88.56
87.33
87.24
88.35
84.2
79.88
80.85
78.77
87.47
79.35
89.21
89.94
91.36
93.0
78.21
78.09
78.34
78.79
82.87
85.53
85.07
82.96
79.44
77.63
82.05
80.74
84.42
83.69
83.18
83.29
83.09
85.34
87.37
88.15
87.23
86.97
87.06
86.66
87.91
87.18
87.04
87.86
86.43
87.23
89.56
87.26
87.73
86.59
84.43
86.27
87.8
88.37
88.7
87.36
86.29
89.93
90.06
95.82
83.18
84.34
82.77
89.9
87.79
92.06
92.88
88.26
88.12
85.87
87.47
87.3
89.94
92.91
91.67
97.53
89.06
86.51
82.3
86.27
87.4
86.6
85.37
83.13
83.64
90.74
93.57
89.62
87.65
87.09
86.17
89.34
85.28
86.36
84.44
87.08
86.39
96.39
93.19
96.24
85.04
85.56
84.95
85.13
84.91
85.89
86.02
92.68
91.2
86.84
86.63
87.8
87.08
86.1
85.87
90.95
96.25
81.34
87.07
89.18
87.12
86.38
90.63
88.85
85.04
81.74
84.5
85.91
88.7
86.73
87.69
89.4
88.22
89.7
88.59
84.89
84.53
84.03
83.24
84.24
83.82
86.79
88.33
89.35
91.13
91.36
86.68
86.44
86.2
86.6
86.55
86.32
87.6
85.36
82.59
81.95
81.88
82.09
82.07
81.16
81.41
80.64
80.31
79.72
79.73
79.77
79.03
78.87
78.86
79.23
79.57
79.32
79.08
78.96
79.49
80.28
79.8
79.7
79.91
79.37
78.77
79.41
80.62
80.73
80.99
81.28
83.5
84.81
86.8
87.85
88.8
90.08
92.16
93.17
94.49
95.18
94.5
94.14
94.02
93.62
93.2
92.88
93.29
93.75
94.24
94.72
93.22
94.53
94.31
93.62
93.72
93.22
92.56
92.96
91.43
89.21
87.19
83.43
80.6
77.59
75.51
74.87
75.23
81.63
82.4
83.35
83.84
83.79
83.28
83.03
82.71
82.5
81.93
82.76
85.84
96.34
85.22
84.37
84.51
84.89
84.97
85.07
85.59
85.13
84.39
83.97
82.83
83.06
82.74
83.26
82.76
83.0
93.24
84.35
88.66
84.53
80.4
82.08
83.68
84.31
85.42
86.75
86.58
86.1
86.57
86.39
86.86
86.66
86.65
86.32
86.65
86.86
87.24
86.8
87.6
88.04
88.3
88.52
86.91
94.4
100.0
98.44
100.0
95.85
90.93
85.21
81.48
80.31
72.44
69.49
70.35
69.71
70.58
71.86
71.62
70.93
70.96
71.28
71.3
71.64
71.92
70.59
80.03
79.3
81.1
81.26
82.64
79.4
79.13
80.75
82.42
79.12
77.97
78.71
78.5
79.07
79.17
79.18
79.58
79.64
79.71
80.07
81.5
82.73
82.53
82.87
83.48
83.73
82.45
83.33
83.93
83.49
82.57
80.51
80.08
79.94
80.31
80.54
79.54
80.44
81.93
81.87
82.14
82.2
82.25
82.64
82.67
82.1
81.22
81.45
87.1
84.41
79.56
80.8
82.21
83.32
80.87
79.61
79.41
79.71
82.82
79.61
81.04
81.31
79.85
77.12
70.22
69.26
63.32
57.68
56.12
57.56
58.13
61.44
60.07
60.49
59.4
58.73
59.22
56.9
54.33
49.1
53.49
56.74
53.13
47.3
49.41
58.29
57.87
57.5
56.19
63.08
63.73
62.03
60.15
68.11
68.61
72.2
60.8
53.78
51.64
62.14
97.43
97.43
79.71
60.56
65.9
67.69
68.25
67.61
67.49
73.89
68.9
77.94
74.18
80.7
75.38
82.46
75.68
76.78
75.29
73.77
80.07
79.45
80.54
81.36
82.3
82.42
84.36
80.66
78.13
72.71
73.87
77.59
79.85
78.87
77.86
79.09
79.87
80.62
80.28
81.23
83.5
82.16
82.81
82.43
82.98
82.28
82.52
82.44
82.52
82.63
84.12
84.64
84.61
84.28
85.08
85.76
85.83
85.6
85.73
85.29
85.46
86.66
86.06
89.59
91.3
91.31
88.53
86.9
87.62
87.34
87.2
89.32
90.2
89.65
89.4
88.23
88.44
89.12
90.79
93.49
94.76
91.35
90.78
89.79
90.84
90.49
88.84
90.37
88.94
85.77
84.75
84.57
84.02
79.6
83.3
89.65
87.92
87.83
95.29
89.2
86.96
88.19
89.7
89.18
88.95
87.33
87.62
88.97
90.84
91.15
90.92
87.68
90.83
88.92
88.73
88.66
88.71
92.07
93.98
90.49
89.4
88.82
89.2
87.92
88.08
86.86
86.4
87.75
87.18
90.74
90.63
96.52
90.64
89.24
91.12
92.06
89.66
86.61
86.55
86.61
87.31
87.78
86.99
86.88
88.43
90.64
88.81
90.35
89.52
89.26
87.82
87.34
87.28
87.64
88.16
88.34
84.86
84.06
89.28
89.82
89.93
93.38
89.89
90.18
92.93
91.81
93.89
90.63
78.83
79.31
83.84
83.14
83.31
84.4
84.15
91.48
87.82
95.32
84.29
83.79
85.61
85.99
89.79
79.8
74.76
82.17
91.0
90.02
97.69
95.49
95.46
96.09
94.93
97.69
97.46
96.66
92.84
94.54
91.5
92.22
90.71
94.37
82.88
80.83
80.18
79.83
79.6
79.14
79.44
81.27
80.92
81.15
81.0
83.83
82.45
81.84
81.73
82.29
82.16
86.61
83.85
82.29
85.19
83.11
83.22
83.68
83.5
90.82
99.86
98.19
83.35
89.62
94.29
97.97
84.2
93.89
85.02
80.4
77.85
77.58
77.63
77.6
77.8
77.71
77.61
77.03
79.45
82.9
85.5
90.95
86.48
86.91
86.56
86.26
85.88
84.31
86.28
83.28
90.63
84.99
82.93
83.61
81.43
81.45
82.42
88.4
85.97
81.47
86.79
88.28
79.86
83.17
82.64
80.43
80.26
79.87
80.84
89.24
91.98
78.34
77.32
77.67
77.88
78.88
79.19
79.36
79.85
80.23
80.3
80.38
79.69
81.08
80.57
79.55
79.37
78.84
78.54
81.46
84.06
81.45
80.02
82.27
82.23
80.51
82.25
82.23
81.63
85.01
82.49
83.32
88.81
83.27
83.14
81.68
80.94
82.68
82.69
81.77
81.94
80.2
81.16
81.69
82.66
82.38
82.08
81.08
83.56
79.19
78.53
75.94
73.62
76.63
74.4
75.37
77.2
78.25
78.35
79.75
85.22
79.63
76.71
75.05
75.18
75.39
74.12
74.81
73.5
72.67
73.06
74.15
71.53
72.29
77.67
79.53
81.91
81.89
83.06
80.02
73.63
72.95
73.56
79.61
77.45
73.28
72.52
71.27
77.86
70.84
74.79
82.94
88.22
75.56
78.45
78.82
74.81
72.66
73.26
72.26
72.66
74.36
75.85
76.63
79.76
80.07
79.31
77.75
76.42
76.02
76.04
76.14
77.13
78.37
78.81
80.07
85.56
87.81
88.04
88.16
88.33
88.3
87.98
87.48
87.98
87.9
87.93
87.11
87.19
86.69
86.17
85.68
86.06
83.91
82.93
83.51
83.8
90.22
86.53
84.88
85.2
85.26
85.18
85.29
85.44
89.64
93.42
84.57
85.61
86.24
86.95
93.83
88.18
86.45
85.88
88.01
91.32
86.78
86.89
86.83
88.12
93.68
93.54
87.51
87.2
88.02
88.85
88.69
89.72
90.66
91.17
90.84
91.02
90.92
90.52
90.92
90.7
89.91
89.4
89.56
90.08
89.76
89.55
89.44
89.19
89.92
90.16
90.31
90.63
89.94
90.53
92.43
93.02
93.79
95.28
96.22
96.71
97.42
99.24
99.14
99.26
99.22
99.31
99.02
99.15
99.29
98.79
99.22
99.4
99.22
96.6
94.44
91.39
84.28
82.22
82.83
84.57
85.43
91.0
82.99
84.31
84.42
84.52
84.57
85.4
89.3
