91506
156962
179488
239001
82568
128854
214151
197934
194140
141067
111300
138987
181574
145118
62672
97718
139859
114660
159109
282995
146970
74637
107565
64368
98845
107390
121601
115161
154468
212348
191933
137480
116272
143655
153176
174761
113433
154777
166665
77157
178658
127494
131805
101510
193586
247339
260441
99165
269418
142386
132932
151295
303319
282882
164469
109782
180540
121961
134396
99019
229029
303503
184407
187163
175897
166481
147717
207415
218991
213161
155789
83140
75953
262164
133265
219819
209615
180903
292347
204875
266766
256135
237874
159914
139384
177622
326338
314460
275388
363831
224277
277589
197671
141350
133827
122591
73154
126248
122209
178368
126098
137708
239555
189694
164851
290230
292192
269543
334254
253173
207948
180743
171688
176943
203402
179179
358349
227624
137041
135337
102449
93125
142264
71674
86740
127908
144744
176557
154678
157696
158195
148643
118737
220458
279995
355666
278477
215569
217240
203019
139359
74340
75618
89177
69813
52607
49765
72623
74996
11373
