754668
1602187
2040223
1442984
598246
1095869
2193134
2290034
1865841
1017650
968640
1145332
1556979
1331146
442626
707280
973017
769904
1104175
2114140
947464
455889
785959
370108
629200
775610
632570
603436
958280
1512667
1157350
918173
823147
982570
1059299
1111700
949826
1047152
1060716
526431
1156667
810999
771188
583575
1140282
1401181
1465753
641087
1598215
890222
766452
806832
1447766
1425353
889759
796042
1469782
839401
899295
630030
1602779
1730883
1063385
1100592
1221031
1134958
927949
1563607
1649588
1359505
1369343
756988
610983
1471882
788057
2358524
1670781
1198524
1891803
1393048
1510270
1694177
1381384
999991
898103
1514145
2341425
2354758
2188625
2435277
1831158
2298136
1747086
1105023
1026916
781345
474933
684640
792452
961112
694609
874673
1207429
1133423
803172
3268281
1971515
1898879
2330567
1173995
1895390
1277515
700174
725214
957508
1577320
2482413
1347304
751273
673909
591736
618840
856149
572813
804928
1106435
1310408
1497614
1380994
1460857
1495388
1374882
1115874
1863554
2307511
2293731
2124996
2014481
2404733
2159059
1406920
767980
580601
570931
477206
236833
241149
350720
346558
50148
