1399214
3307390
4252326
3097335
932582
2327777
4823669
4919510
3283508
2142021
1891299
2215211
3100692
2499020
797242
1249322
1709719
1446924
2075734
3327188
1434791
775859
1307591
639952
1128454
1331131
1043429
1014797
1651632
2947232
2066707
1559652
1436508
1718817
1937935
1956680
1694757
1790170
1746613
786163
2020701
1292043
1156131
981141
1870625
2218618
2297419
1043260
2601286
1569401
1142350
1324326
2278667
2296975
1627879
1614496
2951548
1589507
1631187
1062794
3003204
3068145
1966274
1875271
2380919
1994859
1598168
2861040
2799127
2360808
2591880
1429896
1087059
2462350
1327920
4747850
2922347
2026274
3458902
2542278
2656688
3058985
2204200
1882938
1525866
2696625
4380078
4098546
3981951
4032294
3352401
5496857
3347791
2131563
1982138
1324676
854619
1153429
1453033
1611504
1283564
1500617
2111854
1964251
1336981
5886409
4064185
3521368
3739502
1973089
3074566
2084612
1343985
1384707
1850659
3547781
4566991
2557601
1452745
1224371
1339160
1318453
1553429
1138733
2047358
2277340
2630734
2827254
2583052
2777455
2912725
2859902
2631508
3589985
3828841
4566153
4250539
4327760
4968380
4668677
3430570
2263152
1920212
1702510
1295535
548403
623672
840890
979524
124523
