2086089
4244299
6071862
4516158
1667846
3201485
7009675
7061016
5006374
3232743
2853917
3294239
4511077
4026230
1262586
2074207
2833490
2234397
3197881
5860888
2643581
1249445
1977704
1010849
1523593
2036508
1674631
1597301
2547227
3994864
3034181
2459888
2196635
2609658
2867162
2978587
2379008
2463209
2571617
1209005
2814021
1970775
1762569
1504541
2750334
3327527
3453438
1609288
4073402
2358557
1893963
1969215
3426838
3424161
2271837
2052954
3945884
2083270
2159543
1697597
3836103
4378803
2781687
2784476
3222935
2809970
2355284
4137559
4106257
3297318
3723267
2042388
1479208
3429993
1920642
6774737
3914289
2967409
4702579
3578874
3779345
4224571
3361595
2671584
2178232
3893322
6029420
6089434
5615510
6123267
5187626
6400205
4827953
2804858
2726541
1938458
1204053
1666858
1971292
2266014
1875092
2185255
2924292
2800099
1912138
8274232
5440074
4985082
5946997
2856224
4754097
3051869
1706896
1930500
2620715
4828862
6746656
3811253
2126768
1974570
1705327
1779210
2339528
1842585
3050769
3680286
4225491
4554280
4216515
4492833
4606528
4369065
3827371
5493703
5079261
5879126
5329968
5394288
6538238
5844936
4332108
2984936
3605350
2898199
2411967
1057766
1189002
1667197
1899410
323133
