246725
416462
473566
442434
180752
307706
518712
527639
542229
358529
293819
348704
465105
371450
137708
208464
295351
234066
342856
673372
309903
146693
242519
128030
201201
229543
235739
225083
318092
473540
404150
298843
262271
320746
340784
378146
274341
350916
366291
170856
396625
279420
280356
210864
405889
513997
536084
211972
549542
298627
268349
295885
568259
547274
317098
227917
384092
259095
287842
211518
519779
607857
372705
377575
375295
360451
307967
466500
496753
458676
377615
204293
176599
537997
281617
685353
509567
390817
633694
458659
547823
550378
488802
324885
290215
427026
727708
713240
625116
782606
474941
620797
459561
315175
290098
251159
149028
237679
249965
341128
234938
277787
452211
392095
301054
894788
594738
638965
672647
437936
539369
385546
273742
278609
335558
388380
717625
417558
243036
227482
186720
182973
265632
149472
194265
290422
338220
391328
350474
372797
385180
351037
274660
550539
759450
757021
674220
581268
573716
500675
283044
120286
103301
119412
103411
65171
61449
89384
98670
19890
