336949
631616
752410
594825
270140
470206
790391
826122
806133
472755
448577
517583
688203
562744
203850
311511
434598
346611
494937
930549
441682
210858
364579
182371
296265
346011
314368
299616
460209
691671
564755
428328
376531
455166
486629
527363
417417
511917
512337
247243
556777
386947
382586
278428
555468
700324
726779
299290
753747
411118
368110
402111
743406
715736
428765
343720
582024
378241
408531
286856
740148
823503
503994
524175
544944
519833
431994
682063
725646
649582
559991
312224
270313
724999
381684
1061497
740436
555719
879530
637272
732324
762544
648882
450073
416056
642725
1041854
1028589
928445
1102492
714791
957978
707683
471975
432302
352370
209496
322728
359251
463119
309247
396328
589402
528482
400226
1372785
818604
844598
1003675
574265
872318
573752
350758
349424
438367
582083
1036699
592924
333120
316017
259646
261154
372035
220067
286436
411041
495795
583399
514142
556509
580038
542795
425948
764368
1042478
944262
892285
789789
914805
736939
473793
233203
180715
198261
169733
96858
95006
139756
143077
25619
