85.62
51.97
52.31
50.09
40.89
40.18
33.91
28.48
20.06
14.25
16.63
19.65
30.06
28.84
28.59
33.72
48.07
47.97
49.34
50.09
54.3
58.65
59.01
31.81
27.63
28.94
33.83
33.79
33.72
27.46
24.67
24.67
22.64
25.5
26.24
25.73
26.02
27.28
29.17
30.08
31.73
32.55
34.53
36.45
37.18
40.21
40.72
41.74
39.46
39.29
36.95
40.09
42.23
41.22
41.45
39.85
63.22
64.46
61.86
62.06
64.21
67.52
70.83
65.59
54.72
64.3
79.15
72.97
69.96
59.97
58.25
45.75
40.81
52.54
67.04
52.2
36.03
33.32
30.73
31.31
43.29
41.46
42.92
47.03
51.97
52.01
50.95
51.82
53.92
52.46
48.21
53.57
58.43
59.43
59.27
59.84
60.51
60.29
59.82
54.47
39.24
39.46
35.14
37.07
69.68
68.25
61.33
62.0
59.84
61.55
61.45
66.53
69.31
45.53
44.57
44.87
44.9
43.66
43.96
46.1
44.85
59.53
57.39
57.13
57.87
56.75
54.93
55.95
56.42
57.83
57.43
57.36
56.45
56.1
57.02
56.24
56.35
57.26
55.42
55.92
56.92
56.47
59.65
63.78
59.19
58.2
52.22
49.48
49.69
59.23
59.02
57.82
53.76
54.12
53.89
53.07
55.19
55.21
55.13
54.59
54.25
53.95
65.7
55.41
54.87
53.94
59.35
64.58
54.93
58.78
76.93
72.84
69.92
69.25
65.42
71.7
59.56
56.35
52.46
53.58
56.29
57.76
56.56
56.65
58.3
54.59
60.98
54.74
52.8
53.31
54.58
53.53
55.11
49.39
51.93
68.81
55.49
65.28
68.46
63.31
59.67
58.46
53.74
53.82
60.56
60.81
59.99
60.02
64.53
63.95
65.19
58.13
57.27
53.98
60.42
64.08
57.02
53.95
50.61
51.7
54.75
53.35
52.62
49.49
37.76
37.66
57.82
60.62
58.25
57.16
43.84
43.05
53.28
59.07
62.63
61.58
62.13
60.66
60.25
59.65
60.34
63.61
41.33
40.57
60.56
60.62
58.61
59.04
64.33
59.9
58.44
58.38
67.74
56.35
46.11
62.38
69.47
51.88
51.93
48.42
40.97
61.64
66.16
62.04
56.06
53.95
55.15
48.83
49.17
46.91
41.2
36.75
36.48
37.48
37.7
37.76
62.81
63.52
40.5
39.81
44.24
44.96
47.54
43.8
40.38
36.86
36.37
35.5
35.86
35.74
36.02
36.44
54.74
65.75
58.21
63.47
58.35
62.4
66.44
95.54
61.01
29.92
32.2
32.08
30.92
39.34
41.81
43.83
53.03
45.8
45.39
45.48
50.98
56.92
55.72
57.11
53.36
54.48
56.43
53.48
58.06
56.35
58.32
69.54
47.77
48.66
48.83
49.83
53.48
50.02
52.06
58.13
59.84
60.89
52.03
47.27
50.07
71.64
72.61
64.04
34.22
33.78
33.25
37.9
37.57
35.63
37.96
36.75
34.59
34.59
33.99
31.94
27.32
30.72
29.54
42.0
23.52
33.81
39.15
43.5
47.89
24.87
25.32
26.01
25.53
28.91
32.49
32.16
29.05
28.21
28.77
34.52
33.84
44.22
42.5
42.09
42.0
39.89
48.59
52.62
53.95
52.94
53.59
54.52
53.79
54.2
53.78
53.39
54.43
53.55
53.91
60.15
53.45
49.99
54.39
55.25
60.52
61.77
62.27
56.83
57.54
55.48
62.84
63.16
82.45
40.91
41.55
40.61
65.11
60.66
65.79
65.72
61.96
62.84
56.78
60.88
56.36
61.9
67.06
63.08
57.17
47.28
30.34
24.3
43.86
54.18
40.36
41.24
47.43
49.18
53.93
43.06
35.19
38.54
48.48
44.19
54.16
49.93
52.25
48.99
55.86
54.99
64.04
61.54
63.19
43.1
45.67
42.94
44.08
43.71
43.89
46.91
61.18
56.96
53.17
53.37
53.87
51.89
49.66
49.47
68.09
94.66
25.98
29.35
32.51
31.01
36.91
45.24
44.32
42.39
39.44
54.54
60.14
64.29
54.71
56.24
60.04
60.3
55.33
55.33
52.5
52.05
50.95
48.28
44.29
43.27
57.03
62.38
64.1
65.6
68.06
43.38
44.38
44.38
54.41
50.6
50.32
63.53
37.87
23.58
19.28
18.85
18.5
16.51
14.78
15.91
13.72
15.13
13.39
13.04
13.55
12.23
11.45
11.37
11.8
12.07
12.06
11.47
10.95
11.81
12.59
12.7
12.5
13.13
12.27
11.62
12.49
16.33
16.51
17.48
19.37
24.94
27.4
25.45
23.74
22.69
22.8
22.97
24.6
27.14
25.73
24.51
24.3
23.89
24.25
23.96
23.87
24.36
24.9
27.05
27.25
25.35
26.16
26.15
25.84
25.87
25.04
24.04
24.39
23.44
22.84
21.2
18.72
15.61
13.2
13.1
14.4
24.39
39.07
41.53
41.28
40.07
39.74
39.17
39.43
41.34
40.33
36.38
38.02
44.13
93.99
53.62
49.47
49.7
51.38
51.95
52.92
53.19
52.42
50.48
49.13
47.07
46.95
45.67
46.5
49.51
53.24
