94.41
90.2
86.1
86.76
86.57
86.2
85.68
83.09
80.74
78.3
76.61
73.07
76.44
75.4
75.27
76.96
84.27
83.75
85.11
85.25
89.12
87.74
87.86
76.74
76.33
77.28
80.55
80.43
79.31
73.82
72.09
72.61
72.16
78.31
80.78
80.58
80.11
80.54
81.52
82.06
82.3
82.25
82.41
82.21
83.55
84.93
85.02
83.57
85.61
87.88
84.33
84.02
84.59
83.88
84.53
84.73
91.05
91.92
90.91
90.34
89.94
89.4
89.93
89.59
89.45
91.13
94.34
91.25
91.09
88.73
89.41
82.66
80.3
82.48
88.87
86.34
84.83
83.01
78.93
75.87
86.79
86.23
85.19
86.15
88.55
88.74
88.33
88.96
89.18
88.17
87.05
87.43
89.57
90.11
90.02
90.96
91.43
90.99
90.8
87.46
78.09
79.53
76.28
76.68
90.27
90.85
88.86
89.08
89.53
89.13
89.03
91.0
93.88
87.29
85.74
86.97
87.22
85.3
84.9
88.7
83.06
91.31
89.61
89.24
89.37
89.02
88.05
88.59
88.53
88.91
88.88
88.81
88.41
88.46
88.91
88.49
88.75
88.42
88.18
88.53
88.73
88.28
91.53
94.49
89.3
88.87
86.72
85.89
85.86
87.65
88.32
88.17
86.69
87.5
86.23
85.07
87.01
86.97
87.22
87.21
86.29
85.61
89.09
85.56
86.9
86.23
86.58
88.89
86.7
87.38
91.11
90.03
90.16
90.24
89.95
92.78
90.31
88.27
86.0
87.14
89.04
89.84
89.34
89.76
90.96
87.1
95.82
92.05
90.36
87.3
87.39
87.09
93.43
89.12
87.57
93.07
88.34
89.52
92.42
89.15
90.21
91.7
88.97
88.66
88.57
88.84
89.85
88.62
90.93
94.03
94.98
92.8
95.23
92.12
88.79
90.18
88.62
88.41
88.35
87.7
86.38
87.18
87.19
85.81
80.9
82.18
90.78
92.47
88.85
90.17
83.1
82.74
87.31
90.27
90.85
90.11
89.54
89.64
89.19
89.4
89.65
93.16
84.47
84.93
92.7
88.99
89.59
89.28
93.68
89.74
87.66
86.88
93.11
88.45
82.75
88.64
90.56
85.26
84.26
84.81
85.52
86.76
88.22
89.41
87.57
89.31
87.61
85.86
85.45
85.34
85.01
85.1
84.96
84.83
82.95
81.81
89.83
91.23
84.38
83.23
85.54
81.0
81.55
80.69
79.8
79.88
79.81
79.43
79.7
79.54
79.64
79.59
85.83
93.93
89.13
91.28
89.08
90.83
91.86
96.55
90.17
76.53
77.15
77.62
77.39
81.8
83.84
86.55
88.28
83.8
84.55
84.3
86.75
90.97
87.47
87.19
85.79
88.05
88.95
85.98
93.73
90.99
87.19
89.41
85.6
85.48
85.27
90.07
90.06
86.12
87.4
90.95
90.71
89.35
84.55
83.71
83.94
91.05
89.93
87.53
80.28
80.09
80.85
88.6
88.9
88.39
86.92
88.56
87.33
87.24
88.35
84.2
79.88
80.85
78.77
87.47
79.35
89.21
89.94
91.36
93.0
78.21
78.09
78.34
78.79
82.87
85.53
85.07
82.96
79.44
77.63
82.05
80.74
84.42
83.69
83.18
83.29
83.09
85.34
87.37
88.15
87.23
86.97
87.06
86.66
87.91
87.18
87.04
87.86
86.43
87.23
89.56
87.26
87.73
86.59
84.43
86.27
87.8
88.37
88.7
87.36
86.29
89.93
90.06
95.82
83.18
84.34
82.77
89.9
87.79
92.06
92.88
88.26
88.12
85.87
87.47
87.3
89.94
92.91
91.67
97.53
89.06
86.51
82.3
86.27
87.4
86.6
85.37
83.13
83.64
90.74
93.57
89.62
87.65
87.09
86.17
89.34
85.28
86.36
84.44
87.08
86.39
96.39
93.19
96.24
85.04
85.56
84.95
85.13
84.91
85.89
86.02
92.68
91.2
86.84
86.63
87.8
87.08
86.1
85.87
90.95
96.25
81.34
87.07
89.18
87.12
86.38
90.63
88.85
85.04
81.74
84.5
85.91
88.7
86.73
87.69
89.4
88.22
89.7
88.59
84.89
84.53
84.03
83.24
84.24
83.82
86.79
88.33
89.35
91.13
91.36
86.68
86.44
86.2
86.6
86.55
86.32
87.6
85.36
82.59
81.95
81.88
82.09
82.07
81.16
81.41
80.64
80.31
79.72
79.73
79.77
79.03
78.87
78.86
79.23
79.57
79.32
79.08
78.96
79.49
80.28
79.8
79.7
79.91
79.37
78.77
79.41
80.62
80.73
80.99
81.28
83.5
84.81
86.8
87.85
88.8
90.08
92.16
93.17
94.49
95.18
94.5
94.14
94.02
93.62
93.2
92.88
93.29
93.75
94.24
94.72
93.22
94.53
94.31
93.62
93.72
93.22
92.56
92.96
91.43
89.21
87.19
83.43
80.6
77.59
75.51
74.87
75.23
81.63
82.4
83.35
83.84
83.79
83.28
83.03
82.71
82.5
81.93
82.76
85.84
96.34
85.22
84.37
84.51
84.89
84.97
85.07
85.59
85.13
84.39
83.97
82.83
83.06
82.74
83.26
82.76
83.0
