88.2
68.32
68.38
68.16
63.66
61.98
58.12
50.67
41.75
38.59
42.73
43.54
49.97
47.54
46.55
50.87
64.65
64.18
65.83
66.34
70.1
72.75
72.98
51.24
46.27
47.3
52.47
52.67
52.47
45.81
42.98
42.32
40.11
47.24
48.32
47.96
48.42
49.54
50.81
51.86
53.38
54.41
55.98
56.77
58.33
60.37
60.9
60.81
60.43
60.59
57.04
58.66
60.36
59.28
59.13
58.29
78.39
79.53
77.25
77.24
77.21
76.63
78.81
76.73
73.41
79.53
84.63
79.8
78.57
73.85
75.03
64.05
59.71
65.21
75.31
66.62
56.51
53.09
48.74
47.02
63.13
61.72
61.89
64.51
68.94
69.28
68.66
69.37
71.15
69.89
67.06
70.3
74.49
75.44
75.27
75.63
75.83
76.64
76.5
71.69
57.82
58.28
54.43
55.57
78.5
77.89
73.43
74.18
73.19
73.97
74.27
77.7
81.34
67.43
66.3
66.66
66.44
64.75
61.75
64.74
61.4
74.63
72.75
73.1
73.65
72.84
70.69
71.33
71.98
72.87
72.54
72.19
72.16
71.65
72.21
71.59
72.19
72.41
70.9
71.22
72.01
71.58
74.32
78.18
73.68
72.97
69.77
68.52
68.68
73.29
73.0
71.78
68.91
69.36
68.82
67.78
71.79
71.76
71.71
71.3
70.62
68.34
75.8
69.35
69.78
68.75
72.08
76.08
70.18
71.48
82.77
80.44
79.05
78.0
75.94
80.57
73.41
70.86
68.77
69.96
71.43
72.16
71.16
71.56
72.82
70.14
77.08
71.45
70.59
70.3
71.42
70.52
72.55
68.91
68.86
80.27
68.29
76.4
79.4
75.04
74.37
74.62
71.12
70.95
74.5
74.71
73.35
73.38
76.76
76.71
77.65
72.94
71.87
68.88
72.42
75.51
70.9
69.86
66.61
67.67
68.46
69.95
70.0
67.65
58.42
58.65
73.38
76.14
72.98
73.08
63.74
63.0
70.11
75.36
76.74
75.85
74.94
73.22
72.36
72.3
73.32
77.62
62.14
60.89
75.94
73.31
72.86
72.8
77.88
73.58
71.32
70.07
78.48
70.45
63.08
74.83
79.47
66.56
65.82
65.17
62.43
72.42
75.43
73.81
71.19
71.21
70.41
65.74
65.9
64.49
61.27
58.7
58.3
58.94
58.68
58.05
73.72
74.58
60.99
59.65
62.7
59.14
59.47
57.37
56.8
57.58
57.23
56.54
56.75
56.53
57.13
57.18
68.87
78.13
72.23
76.51
73.42
75.54
77.03
95.88
74.06
51.39
52.58
52.18
51.35
60.01
62.38
64.25
70.6
64.6
64.32
63.47
67.88
73.05
69.72
68.5
66.01
70.32
70.32
67.99
72.9
70.87
71.35
78.19
64.47
64.0
63.92
65.98
68.72
66.34
67.54
72.8
73.66
73.7
66.24
63.21
64.78
80.2
79.98
74.92
56.3
55.44
55.45
61.2
59.35
58.12
57.19
59.4
56.63
56.01
56.15
51.64
47.75
51.34
50.2
60.2
47.61
57.95
59.56
62.37
64.25
47.2
47.67
48.12
47.2
51.54
54.42
53.78
50.47
48.56
47.97
54.28
54.56
64.02
62.3
61.9
61.8
59.68
65.85
69.64
70.66
69.01
69.25
69.77
69.24
70.18
69.83
69.66
70.27
68.39
69.04
72.94
70.05
69.85
70.2
68.06
71.85
73.42
73.63
71.58
71.85
70.43
75.05
74.33
87.75
62.37
63.17
62.03
76.19
71.62
77.51
77.52
73.68
74.16
68.92
72.57
70.65
75.63
80.17
76.95
75.08
65.24
53.19
47.06
61.62
69.95
59.29
57.6
61.81
63.55
68.75
61.43
54.74
55.63
65.14
61.66
67.31
64.02
65.12
62.84
70.19
69.53
77.47
74.19
76.38
61.34
62.76
60.78
62.09
61.73
62.48
63.98
76.75
73.57
67.93
67.79
68.71
66.96
66.18
65.08
78.6
95.2
45.71
51.96
54.8
52.71
54.01
63.02
60.58
58.23
55.11
66.42
71.49
75.4
68.26
69.94
72.65
72.24
70.88
69.8
66.36
66.16
65.99
63.59
63.87
62.62
70.86
74.05
75.98
77.37
78.65
63.86
64.86
64.39
70.09
67.45
67.89
74.31
62.29
53.1
50.65
48.67
48.94
48.65
47.41
46.47
46.2
45.04
44.39
44.36
43.95
42.67
43.19
42.56
43.21
43.45
43.11
43.23
43.56
43.79
43.99
43.62
43.73
43.79
43.69
42.02
42.94
47.17
47.82
48.1
49.35
52.85
54.74
53.72
51.86
50.73
50.75
50.95
52.77
53.78
54.69
53.78
53.02
52.03
53.04
52.59
52.27
51.69
52.93
53.13
52.52
51.76
51.16
50.22
49.14
49.1
48.98
48.69
49.2
47.55
46.01
44.43
42.22
38.73
36.19
34.01
34.11
39.83
54.66
58.14
57.9
55.97
55.77
55.81
56.6
58.14
55.59
53.24
55.15
59.65
94.92
65.14
60.62
60.2
61.3
61.55
62.32
62.75
61.43
60.26
59.37
58.17
58.31
57.3
57.19
58.68
61.15
