80.26
24.79
20.75
9.87
0.46
0.84
0.02
0.0
0.0
0.0
0.0
0.57
4.27
4.28
3.51
6.92
15.52
16.09
17.63
18.57
23.24
28.38
28.79
6.02
3.84
3.98
7.06
7.64
8.22
5.61
1.84
4.76
5.69
0.49
0.0
0.0
0.0
0.0
0.0
0.08
0.33
1.23
4.27
5.16
5.1
7.23
8.06
9.29
7.87
6.01
4.45
6.18
8.05
7.85
9.67
8.86
31.39
31.34
28.52
29.84
34.47
41.59
46.0
36.32
18.02
27.24
57.59
51.22
44.47
28.5
23.81
13.43
9.68
26.46
41.11
22.06
8.21
10.1
10.85
11.22
2.83
2.76
4.83
7.04
11.22
11.06
9.79
10.61
13.25
11.95
11.41
17.4
21.26
22.57
21.8
21.93
22.46
22.53
21.65
18.19
8.81
9.11
5.43
7.56
38.18
36.83
28.18
28.34
23.98
27.83
27.44
33.71
37.5
9.61
8.53
8.96
9.33
8.95
9.5
10.59
10.07
24.78
21.97
21.15
21.74
19.68
18.87
20.47
22.51
23.57
23.21
22.86
21.98
20.91
21.68
21.02
19.74
22.27
20.34
20.71
21.86
21.95
25.49
28.6
25.19
24.15
19.35
16.78
17.05
24.89
23.78
22.05
17.73
18.63
18.05
17.04
20.74
21.22
20.78
20.21
19.91
18.93
35.61
20.58
19.6
19.21
29.22
33.12
19.97
25.11
52.52
46.87
39.28
41.23
33.69
43.69
24.77
21.93
18.97
20.28
21.85
22.76
21.57
20.87
22.46
18.36
21.4
14.86
11.92
16.84
20.61
19.32
16.97
9.9
13.12
31.98
25.91
33.85
33.52
25.99
24.65
21.94
18.39
17.71
26.39
25.57
23.31
24.42
29.87
28.91
31.17
21.67
24.19
22.14
27.68
29.42
19.54
14.23
10.87
13.18
17.54
17.64
16.61
14.45
6.35
6.62
23.18
21.09
19.49
18.25
10.35
9.64
18.65
21.61
25.2
24.75
25.6
22.74
22.66
21.88
23.36
26.14
7.21
6.8
22.27
24.25
21.15
22.37
25.93
21.68
24.38
31.73
27.34
20.03
10.54
31.4
39.39
18.37
18.62
14.73
6.73
35.17
36.68
25.48
17.91
17.31
17.18
12.31
11.02
9.12
8.19
6.6
6.66
6.64
6.01
6.43
35.85
35.42
4.15
5.31
8.18
17.74
21.24
18.59
11.85
4.49
4.43
3.82
3.92
3.84
4.11
4.54
22.52
30.89
18.7
28.11
21.82
25.28
33.55
93.6
42.04
0.0
0.0
0.0
0.0
5.27
6.75
9.46
21.08
11.91
12.26
12.62
15.46
18.16
20.58
25.91
18.2
15.74
20.56
20.6
19.18
18.94
25.99
44.87
12.6
15.57
15.25
16.73
17.15
12.99
13.77
20.4
21.41
21.54
16.21
11.49
16.85
41.88
43.02
33.62
0.96
1.03
0.79
5.04
6.46
7.34
11.69
6.89
7.43
7.72
8.19
6.72
1.46
3.08
1.77
17.94
0.0
3.85
9.49
14.61
19.31
0.53
0.0
0.0
0.07
0.87
1.86
1.98
0.84
0.08
0.0
7.02
2.14
6.51
5.42
6.69
7.5
6.26
13.14
15.15
17.03
18.19
18.45
19.39
18.8
19.07
18.64
17.34
18.75
19.05
19.39
26.9
17.76
12.53
21.84
27.31
32.63
31.3
31.92
20.82
21.16
22.18
29.97
32.1
68.04
6.33
6.82
5.57
32.41
26.98
30.29
31.08
27.19
28.54
27.8
30.13
25.04
25.88
32.19
27.73
20.81
10.89
3.31
0.53
12.43
17.41
10.79
12.79
15.12
18.21
19.83
16.23
14.67
15.08
10.62
7.94
25.32
16.33
18.47
14.0
20.69
18.31
38.57
30.62
39.57
7.64
8.61
5.68
6.32
5.95
6.83
10.49
23.87
17.69
12.04
12.8
13.37
10.62
12.18
12.96
40.59
93.83
5.49
1.77
2.63
1.81
16.6
20.18
17.58
13.99
12.96
28.58
31.87
28.68
19.1
19.23
21.65
21.31
15.77
14.79
23.22
23.88
21.01
16.51
8.74
8.01
23.26
28.81
31.55
38.39
43.42
0.11
1.57
1.67
21.9
13.79
12.78
37.25
6.29
0.0
0.0
0.0
0.0
0.0
0.0
0.0
0.0
0.0
0.0
0.0
0.0
0.0
0.0
0.0
0.0
0.0
0.0
0.0
0.0
0.0
0.0
0.0
0.0
0.0
0.0
0.0
0.0
0.0
0.0
0.0
0.0
0.0
0.0
0.0
0.0
0.0
0.0
0.0
0.0
0.0
0.0
0.0
0.0
0.0
0.0
0.0
0.0
0.0
0.0
0.0
0.0
0.0
0.0
0.0
0.0
0.0
0.0
0.0
0.0
0.0
0.0
0.0
0.0
0.0
0.0
0.0
0.0
6.5
0.0
0.0
0.0
0.0
0.0
0.0
0.0
0.0
0.26
0.0
0.0
7.33
90.44
11.38
7.82
7.29
6.54
7.76
6.64
6.74
4.56
3.58
2.09
3.22
2.35
1.88
2.81
4.6
12.43
