96.78
98.95
95.53
95.63
95.34
96.14
95.33
94.26
93.93
93.29
90.75
87.23
87.98
87.51
88.04
88.71
93.31
93.19
94.1
94.0
97.5
95.21
95.26
91.5
90.23
90.94
92.59
92.36
92.53
89.57
88.66
86.66
84.62
89.18
92.05
92.43
91.72
91.89
91.92
92.05
92.26
92.22
91.74
91.13
92.29
92.8
92.66
91.48
95.13
96.78
92.79
92.23
92.61
92.36
93.67
94.6
95.8
96.78
96.35
95.32
94.81
94.43
94.38
94.53
95.3
95.19
97.48
95.69
96.57
94.93
94.33
94.2
94.16
92.6
95.1
94.1
94.88
95.71
94.1
91.35
95.19
94.67
94.24
93.8
94.34
94.55
94.57
94.86
94.34
94.05
93.89
93.78
94.8
95.2
95.17
96.09
96.38
95.51
95.33
94.92
94.01
95.62
93.57
93.12
94.11
95.4
94.8
94.83
95.23
94.96
94.31
95.85
97.95
97.45
95.69
96.99
97.28
95.12
96.26
98.73
93.69
97.94
96.08
95.37
94.71
94.51
94.12
95.11
94.48
94.42
94.61
94.93
94.34
94.49
94.64
94.71
94.62
94.47
94.55
94.88
94.8
94.0
97.47
99.25
94.7
94.3
94.0
94.09
93.98
93.4
94.0
94.41
93.79
94.42
93.49
92.78
95.2
94.9
95.13
95.25
94.57
93.18
94.61
92.8
94.0
93.73
93.2
93.83
94.36
93.98
93.84
93.64
94.28
94.6
94.84
96.91
96.78
95.69
95.05
96.25
97.12
96.66
96.14
96.37
97.18
93.82
99.75
98.57
97.21
94.78
95.08
95.0
98.99
97.03
94.84
96.45
95.36
93.57
96.12
93.81
95.5
96.35
94.46
94.14
93.46
93.33
95.82
94.07
95.58
99.58
99.72
98.62
99.88
97.61
94.64
95.16
94.73
94.71
95.55
95.05
93.23
94.84
95.04
94.94
94.75
96.49
97.86
97.02
93.97
96.01
94.61
94.41
94.96
94.79
95.03
93.9
92.92
93.06
92.95
93.01
93.72
96.21
95.5
95.34
98.25
95.14
95.86
95.67
97.24
94.92
93.66
93.93
98.11
97.06
96.08
95.54
94.42
94.39
93.54
94.4
96.26
92.72
92.91
95.28
94.14
96.03
94.24
93.55
93.92
93.63
96.77
98.49
98.23
97.6
95.16
93.75
96.19
97.13
95.16
94.13
94.85
91.7
92.18
91.83
92.48
94.81
94.63
94.75
94.76
94.75
94.62
94.47
93.55
97.82
95.48
95.5
94.12
96.49
96.94
96.86
97.69
91.2
90.25
91.27
91.49
94.0
95.44
97.66
96.36
94.23
95.24
94.85
95.29
97.45
94.35
95.68
94.11
94.52
95.29
92.82
98.84
97.96
93.76
94.11
95.99
94.9
94.99
98.41
97.38
94.62
95.51
97.01
96.95
94.83
92.42
92.37
92.66
95.05
93.47
93.48
94.89
94.47
95.38
100.0
100.0
100.0
99.32
99.7
99.53
99.9
100.0
97.5
93.91
95.27
92.63
97.67
94.81
100.0
100.0
100.0
100.0
93.25
93.24
93.41
94.17
98.34
99.73
99.67
97.51
93.78
92.18
93.53
93.08
93.82
93.14
93.63
94.33
94.84
93.57
93.84
94.9
94.74
93.93
93.79
93.69
94.98
94.07
94.01
95.11
93.71
94.57
95.49
94.24
95.47
94.27
92.46
93.19
94.68
94.85
95.78
93.77
93.16
95.97
95.77
98.21
96.74
97.08
95.9
96.13
93.61
96.8
97.93
93.1
92.52
91.04
92.25
95.49
95.53
97.59
97.12
99.88
97.87
99.54
96.23
96.64
94.16
96.88
95.41
91.59
91.39
97.42
100.0
99.83
99.81
95.54
95.2
96.37
93.65
94.77
92.83
93.84
92.64
98.67
97.31
99.74
95.13
94.84
94.65
94.23
94.34
95.55
94.99
97.28
96.19
94.0
93.83
94.78
94.5
94.13
93.94
95.55
97.03
97.1
100.0
99.99
99.82
97.45
99.63
98.18
94.89
91.33
92.05
93.06
93.87
94.39
94.55
95.17
93.5
96.04
94.93
91.79
92.38
93.57
93.34
94.32
94.11
93.45
93.01
94.51
96.72
97.3
96.96
96.21
96.13
95.16
96.72
96.4
93.83
97.05
97.53
97.29
98.13
98.71
99.12
98.77
98.97
98.32
98.06
97.83
99.08
99.03
98.51
98.11
98.29
97.99
98.75
98.59
98.13
98.21
98.96
99.37
98.33
98.12
98.46
97.88
97.11
97.64
97.34
96.91
96.96
97.34
97.88
99.46
100.0
100.0
100.0
100.0
100.0
100.0
100.0
100.0
100.0
100.0
100.0
100.0
100.0
100.0
100.0
100.0
100.0
100.0
100.0
100.0
100.0
100.0
100.0
100.0
100.0
100.0
100.0
100.0
100.0
100.0
99.5
97.22
95.05
91.82
90.29
95.1
95.55
96.43
96.93
97.33
96.82
96.44
95.28
95.25
94.29
93.99
95.41
97.08
93.54
93.99
94.05
94.33
93.62
93.23
93.31
94.22
93.87
93.09
92.45
92.42
92.35
92.82
93.24
92.11
