230864
643407
549964
656032
1013964
1085641
1099005
1103563
1904493
1357999
1612834
1229360
1603755
1036360
1036030
802707
649288
382839
403393
233901
905529
144884
761511
1437047
2191711
1713296
1646191
1425864
2274154
1704685
1559718
1473933
2368845
1352746
658266
606453
1227365
724080
667459
622852
1063573
628345
576997
579019
1114323
664588
600173
889179
1660187
1181865
964039
715301
1404678
790106
926649
911162
616928
177223
326621
143056
639843
390080
392513
658876
692255
592845
784824
751925
860134
682225
137648
570537
691964
450800
823771
1225424
1561609
1488896
1465462
1356572
909191
656611
638419
440087
566641
137790
254151
295993
509328
493210
540438
436490
488610
114201
140841
266674
699171
208578
80751
517689
771830
766134
280948
206679
515549
431252
377221
351826
587592
302465
287556
423595
1093629
692898
310194
447983
1071935
635691
984271
1313339
1211159
677429
450542
700272
770322
371255
686534
632845
881791
382923
401256
532627
840122
587731
587978
596918
934726
699442
661369
574143
1067164
418672
701042
794552
880518
330274
990523
184506
945772
616465
379941
520292
1004733
879018
390949
301236
694850
85361
199345
233799
955937
567517
534860
760376
949192
445464
314248
262345
825596
584467
205548
139291
398399
299491
350701
458018
1118875
811123
412083
406258
1197580
703914
749058
678792
1145364
316638
960630
1032902
923260
509567
79181
90592
1615773
894815
639473
924951
1270314
221988
486631
386443
711771
657234
323355
204090
570483
379018
598077
416563
799195
839771
868814
930721
1492918
1116055
412444
404949
716880
525140
606220
424571
617783
466386
79836
887827
1435793
863405
904609
731699
694816
1089815
192534
113054
1050179
427642
310748
371402
545449
425310
324940
402355
542549
496104
1527582
1270009
1769616
847647
947145
818724
1206869
712616
367492
496156
828240
1060142
463435
432234
403036
923802
671531
1223642
1190518
496419
526151
612852
782281
357170
770820
466264
1002087
659853
1344437
1132732
1782163
1268339
701393
350310
625869
944450
827431
896191
1326796
736606
979407
689920
1496916
188018
192709
158198
970320
273448
125676
109286
1080584
838934
651584
857297
578025
694899
523081
128571
1641053
1890098
1905587
1345675
2014732
763401
446184
674400
1452526
317880
526077
679873
1324176
1085294
1051832
1222073
980776
946063
1039586
611262
1534792
1021724
528945
704391
1132463
947420
824763
1311693
1522511
479436
608375
744648
896169
375635
720714
667320
792707
541588
76515
766651
1362795
565026
646019
1345698
1878922
1332025
1798012
1039842
1558231
1278369
1454735
1738409
1719640
1241922
472836
2205070
1191721
1459086
1670275
1804253
2289798
1555453
580523
753321
1978692
1631466
1526780
1258637
1974781
1094139
365682
1376809
1379684
354672
221492
831085
1172108
577872
688347
290741
828917
699662
294406
118797
605184
361883
117547
119661
683744
171907
355771
456875
1180558
89439
346634
354979
600800
335571
622222
700049
469070
372967
465631
560248
1298348
330995
326346
219953
895343
524352
776285
738493
891941
462230
675122
773737
729277
531421
242134
413143
2310484
1596291
2547238
1840211
1337060
612416
2081715
1421463
704031
657953
1346419
2249440
2434563
2026759
637751
913029
1217316
657320
643397
339639
529040
196969
3071537
947542
1758052
724732
333495
241350
693641
210487
317178
474951
811733
783536
191020
141069
808693
543769
656558
608698
644080
237162
2350112
1614295
2285945
1663974
1670341
1113552
1498176
1047488
801983
462888
859649
199052
562267
504391
886231
213852
543064
327555
787193
321210
197394
418506
675170
318643
565493
218192
547506
242416
660331
885623
750551
220215
416345
445315
762968
786281
724659
772059
1048153
816582
930868
910579
1210263
999579
901301
1142032
1397335
1148466
1056074
967808
1132111
1021718
1028910
1048407
1250010
1151559
1005254
1094594
1294079
991890
995548
1306196
1254886
1195402
1157814
748438
1065450
857568
1000870
923506
1228620
1523164
1477024
1260884
1183344
1477357
1164451
1224578
1515421
1430941
1486544
1443049
1683123
1257701
1017429
1332041
1596132
1463049
1410942
939235
1874723
1474889
1893109
1281771
1807081
1388269
1408104
1209716
1666352
918040
908298
814104
951178
586654
660360
798528
1298486
944210
710570
665968
879043
824699
646927
553935
856424
639841
358737
553673
75415
218236
396627
369425
486616
261961
226629
214455
468425
403520
401369
390911
511318
444127
485462
465512
325353
355912
709831
592929
491116
854965
701511
694929
649014
791858
533957
520241
445456
746377
559867
699016
699951
1006246
718975
627991
577151
793577
574124
494163
477372
809373
708963
608959
677910
1310826
1815996
1352801
1600166
1634026
1528500
1394366
1111507
1610128
2141998
1606018
1634045
2139282
1721262
1526499
1492609
2025356
1323611
1369823
1205328
1656273
1157204
622713
595645
644080
557417
541850
1098051
1274932
1165618
1081944
1050141
1387499
1210023
1030091
939256
1056675
665777
626391
634030
1065609
724762
381864
512550
839495
320458
324503
409535
859541
491280
502001
405601
1211234
876965
907630
921020
1224884
997456
985660
1037809
986590
634308
663090
772424
1410159
686506
502743
744680
1522308
783437
2501648
2159326
2228569
1007141
978952
1040763
1131166
1253480
419403
575128
2360731
632029
570436
1900804
1752619
1682767
1680914
1695554
2234472
2070603
1928826
1898646
1697174
1129670
1335371
1246923
1683296
1490970
1427388
2239005
2244989
1838532
1689992
1626027
1927913
1870338
1764332
1022217
1341184
850979
785606
1979284
2008709
1691639
1276191
2134198
1981987
1818344
1545000
2046993
1825937
1603626
3114
3116
504145
731056
518612
489683
767410
518892
433733
680878
612271
499137
303730
475700
464285
530493
324530
600922
1059847
544020
457682
194889
480365
144084
396729
591465
917199
577810
1285848
1519181
1852979
1782478
1048049
661891
898403
704655
614209
524071
717376
603476
330982
265649
420043
209168
552724
319812
675852
402829
495479
364854
711163
499759
500400
491554
817979
436076
433471
473454
743750
584947
631672
527359
580565
419897
276420
217724
623678
239064
250755
193081
462317
353806
561506
225805
377526
416221
442874
463903
670662
602851
725874
567779
708705
586507
512942
542954
654673
552745
644111
252750
477266
369039
378852
467798
523845
387286
346936
676084
614813
587257
395306
548866
769594
603115
567197
495812
457141
414230
326419
425257
220661
362257
460093
340751
392764
373923
560727
648257
544656
442812
594355
530590
550870
473142
599989
345952
390490
463207
435900
449630
644739
1058585
729929
731762
811373
750098
733807
515771
543379
427726
439698
394810
687398
260337
132140
535933
730754
534058
723942
505789
702215
425511
513052
428199
527918
547735
641948
796960
1424135
1344140
1133586
2084807
1904745
1627764
1156203
2009595
2613021
1675272
1294541
904815
407228
298127
353224
329815
353283
636228
1616168
1152107
873266
1090349
1379644
1094713
1106664
1432106
956268
798647
547466
619118
777806
713482
1121747
1136883
1097171
1001354
1015377
874062
794057
854823
1019558
1063682
1096120
1166648
847438
331829
341187
305190
651443
312457
268304
256509
344692
283325
236744
468488
501784
344148
327843
358250
405548
626127
765597
610424
677106
315354
288407
211465
279157
546900
1044940
1049300
1327425
850026
1429155
1629960
872356
573837
714424
1421212
1882762
1440915
1432600
1371735
1772367
1322623
1258548
1157183
1161851
730302
729796
1233384
1348542
1036755
1035129
1005444
1201513
1218665
1158949
1178802
1111868
1044224
1213519
1104909
1179507
1166332
1124417
999919
1342700
1046600
1396883
1214054
1083330
1094893
1072687
700143
618713
393701
415285
514836
534171
1010634
1157530
823120
1317868
847160
925537
936934
1335600
988935
1098586
908752
1264008
912762
930748
958752
1558288
1236861
1368486
1268818
1494753
1068775
820323
640006
760591
637316
701048
671450
1007588
1145024
1076950
1062826
1322593
916554
719575
585308
811371
618211
778991
1149391
1640081
1170485
881099
923304
1391413
1054919
870482
884582
800980
512130
264384
501306
1223547
1401035
2206559
2264366
2258920
1071383
946296
1334268
2043163
2069209
1903262
1811900
2206906
1721809
1396652
999362
1728342
1466074
1758298
2000993
2324393
1497744
740227
408614
892552
1044549
1554473
1626786
1915571
1645462
1554401
1747627
1564089
1297871
1126256
1057069
1517390
1259020
1157462
1763483
809267
1559418
923343
540905
1696857
1731114
1472615
867649
763670
494634
494523
583040
572948
829255
595118
583713
862637
586564
537248
462519
707798
384793
365921
329365
686263
445189
437074
468304
687180
452669
431333
442324
695989
230864
643407
549964
656032
1013964
1085641
1099005
1103563
1904493
1357999
1612834
1229360
1603755
1036360
1036030
802707
649288
382839
403393
233901
905529
144884
761511
1437047
2191711
1713296
1646191
1425864
2274154
1704685
1559718
1473933
2368845
1352746
658266
606453
1227365
724080
667459
622852
1063573
628345
576997
579019
1114323
664588
600173
889179
1660187
1181865
964039
715301
1404678
790106
926649
911162
616928
177223
326621
143056
639843
390080
392513
658876
692255
592845
784824
751925
860134
682225
137648
570537
691964
450800
823771
1225424
1561609
1488896
1465462
1356572
909191
656611
638419
440087
566641
137790
254151
295993
509328
493210
540438
436490
488610
114201
140841
266674
699171
208578
80751
517689
771830
766134
280948
206679
515549
431252
377221
351826
587592
302465
287556
423595
1093629
692898
310194
447983
1071935
635691
984271
1313339
1211159
677429
450542
700272
770322
371255
686534
632845
881791
382923
401256
532627
840122
587731
587978
596918
934726
699442
661369
574143
1067164
418672
701042
794552
880518
330274
990523
184506
945772
616465
379941
520292
1004733
879018
390949
301236
694850
85361
199345
233799
955937
567517
534860
760376
949192
445464
314248
262345
825596
584467
205548
139291
398399
299491
350701
458018
1118875
811123
412083
406258
1197580
703914
749058
678792
1145364
316638
960630
1032902
923260
509567
79181
90592
1615773
894815
639473
924951
1270314
221988
486631
386443
711771
657234
323355
204090
570483
379018
598077
416563
799195
839771
868814
930721
1492918
1116055
412444
404949
716880
525140
606220
424571
617783
466386
79836
887827
1435793
863405
904609
731699
694816
1089815
192534
113054
1050179
427642
310748
371402
545449
425310
324940
402355
542549
496104
1527582
1270009
1769616
847647
947145
818724
1206869
712616
367492
496156
828240
1060142
463435
432234
403036
923802
671531
1223642
1190518
496419
526151
612852
782281
357170
770820
466264
1002087
659853
1344437
1132732
1782163
1268339
701393
350310
625869
944450
827431
896191
1326796
736606
979407
689920
1496916
188018
192709
158198
970320
273448
125676
109286
1080584
838934
651584
857297
578025
694899
523081
128571
1641053
1890098
1905587
1345675
2014732
763401
446184
674400
1452526
317880
526077
679873
1324176
1085294
1051832
1222073
980776
946063
1039586
611262
1534792
1021724
528945
704391
1132463
947420
824763
1311693
1522511
479436
608375
744648
896169
375635
720714
667320
792707
541588
76515
766651
1362795
565026
646019
1345698
1878922
1332025
1798012
1039842
1558231
1278369
1454735
1738409
1719640
1241922
472836
2205070
1191721
1459086
1670275
1804253
2289798
1555453
580523
753321
1978692
1631466
1526780
1258637
1974781
1094139
365682
1376809
1379684
354672
221492
831085
1172108
577872
688347
290741
828917
699662
294406
118797
605184
361883
117547
119661
683744
171907
355771
456875
1180558
89439
346634
354979
600800
335571
622222
700049
469070
372967
465631
560248
1298348
330995
326346
219953
895343
524352
776285
738493
891941
462230
675122
773737
729277
531421
242134
413143
2310484
1596291
2547238
1840211
1337060
612416
2081715
1421463
704031
657953
1346419
2249440
2434563
2026759
637751
913029
1217316
657320
643397
339639
529040
196969
3071537
947542
1758052
724732
333495
241350
693641
210487
317178
474951
811733
783536
191020
141069
808693
543769
656558
608698
644080
237162
2350112
1614295
2285945
1663974
1670341
1113552
1498176
1047488
801983
462888
859649
199052
562267
504391
886231
213852
543064
327555
787193
321210
197394
418506
675170
318643
565493
218192
547506
242416
660331
885623
750551
220215
416345
445315
762968
786281
724659
772059
1048153
816582
930868
910579
1210263
999579
901301
1142032
1397335
1148466
1056074
967808
1132111
1021718
1028910
1048407
1250010
1151559
1005254
1094594
1294079
991890
995548
1306196
1254886
1195402
1157814
748438
1065450
857568
1000870
923506
1228620
1523164
1477024
1260884
1183344
1477357
1164451
1224578
1515421
1430941
1486544
1443049
1683123
1257701
1017429
1332041
1596132
1463049
1410942
939235
1874723
1474889
1893109
1281771
1807081
1388269
1408104
1209716
1666352
918040
908298
814104
951178
586654
660360
798528
1298486
944210
710570
665968
879043
824699
646927
553935
856424
639841
358737
553673
75415
218236
396627
369425
486616
261961
226629
214455
468425
403520
401369
390911
511318
444127
485462
465512
325353
355912
709831
592929
491116
854965
701511
694929
649014
791858
533957
520241
445456
746377
559867
699016
699951
1006246
718975
627991
577151
793577
574124
494163
477372
809373
708963
608959
677910
1310826
1815996
1352801
1600166
1634026
1528500
1394366
1111507
1610128
2141998
1606018
1634045
2139282
1721262
1526499
1492609
2025356
1323611
1369823
1205328
1656273
1157204
622713
595645
644080
557417
541850
1098051
1274932
1165618
1081944
1050141
1387499
1210023
1030091
939256
1056675
665777
626391
634030
1065609
724762
381864
512550
839495
320458
324503
409535
859541
491280
502001
405601
1211234
876965
907630
921020
1224884
997456
985660
1037809
986590
634308
663090
772424
1410159
686506
502743
744680
1522308
783437
2501648
2159326
2228569
1007141
978952
1040763
1131166
1253480
419403
575128
2360731
632029
570436
1900804
1752619
1682767
1680914
1695554
2234472
2070603
1928826
1898646
1697174
1129670
1335371
1246923
1683296
1490970
1427388
2239005
2244989
1838532
1689992
1626027
1927913
1870338
1764332
1022217
1341184
850979
785606
1979284
2008709
1691639
1276191
2134198
1981987
1818344
1545000
2046993
1825937
1603626
3114
3116
504145
731056
518612
489683
767410
518892
433733
680878
612271
499137
303730
475700
464285
530493
324530
600922
1059847
544020
457682
194889
480365
144084
396729
591465
917199
577810
1285848
1519181
1852979
1782478
1048049
661891
898403
704655
614209
524071
717376
603476
330982
265649
420043
209168
552724
319812
675852
402829
495479
364854
711163
499759
500400
491554
817979
436076
433471
473454
743750
584947
631672
527359
580565
419897
276420
217724
623678
239064
250755
193081
462317
353806
561506
225805
377526
416221
442874
463903
670662
602851
725874
567779
708705
586507
512942
542954
654673
552745
644111
252750
477266
369039
378852
467798
523845
387286
346936
676084
614813
587257
395306
548866
769594
603115
567197
495812
457141
414230
326419
425257
220661
362257
460093
340751
392764
373923
560727
648257
544656
442812
594355
530590
550870
473142
599989
345952
390490
463207
435900
449630
644739
1058585
729929
731762
811373
750098
733807
515771
543379
427726
439698
394810
687398
260337
132140
535933
730754
534058
723942
505789
702215
425511
513052
428199
527918
547735
641948
796960
1424135
1344140
1133586
2084807
1904745
1627764
1156203
2009595
2613021
1675272
1294541
904815
407228
298127
353224
329815
353283
636228
1616168
1152107
873266
1090349
1379644
1094713
1106664
1432106
956268
798647
547466
619118
777806
713482
1121747
1136883
1097171
1001354
1015377
874062
794057
854823
1019558
1063682
1096120
1166648
847438
331829
341187
305190
651443
312457
268304
256509
344692
283325
236744
468488
501784
344148
327843
358250
405548
626127
765597
610424
677106
315354
288407
211465
279157
546900
1044940
1049300
1327425
850026
1429155
1629960
872356
573837
714424
1421212
1882762
1440915
1432600
1371735
1772367
1322623
1258548
1157183
1161851
730302
729796
1233384
1348542
1036755
1035129
1005444
1201513
1218665
1158949
1178802
1111868
1044224
1213519
1104909
1179507
1166332
1124417
999919
1342700
1046600
1396883
1214054
1083330
1094893
1072687
700143
618713
393701
415285
514836
534171
1010634
1157530
823120
1317868
847160
925537
936934
1335600
988935
1098586
908752
1264008
912762
930748
958752
1558288
1236861
1368486
1268818
1494753
1068775
820323
640006
760591
637316
701048
671450
1007588
1145024
1076950
1062826
1322593
916554
719575
585308
811371
618211
778991
1149391
1640081
1170485
881099
923304
1391413
1054919
870482
884582
800980
512130
264384
501306
1223547
1401035
2206559
2264366
2258920
1071383
946296
1334268
2043163
2069209
1903262
1811900
2206906
1721809
1396652
999362
1728342
1466074
1758298
2000993
2324393
1497744
740227
408614
892552
1044549
1554473
1626786
1915571
1645462
1554401
1747627
1564089
1297871
1126256
1057069
1517390
1259020
1157462
1763483
809267
1559418
923343
540905
1696857
1731114
1472615
867649
763670
494634
494523
583040
572948
829255
595118
583713
862637
586564
537248
462519
707798
384793
365921
329365
686263
445189
437074
468304
687180
452669
431333
442324
695989
230864
643407
549964
656032
1013964
1085641
1099005
1103563
1904493
1357999
1612834
1229360
1603755
1036360
1036030
802707
649288
382839
403393
233901
905529
144884
761511
1437047
2191711
1713296
1646191
1425864
2274154
1704685
1559718
1473933
2368845
1352746
658266
606453
1227365
724080
667459
622852
1063573
628345
576997
579019
1114323
664588
600173
889179
1660187
1181865
964039
715301
1404678
790106
926649
911162
616928
177223
326621
143056
639843
390080
392513
658876
692255
592845
784824
751925
860134
682225
137648
570537
691964
450800
823771
1225424
1561609
1488896
1465462
1356572
909191
656611
638419
440087
566641
137790
254151
295993
509328
493210
540438
436490
488610
114201
140841
266674
699171
208578
80751
517689
771830
766134
280948
206679
515549
431252
377221
351826
587592
302465
287556
423595
1093629
692898
310194
447983
1071935
635691
984271
1313339
1211159
677429
450542
700272
770322
371255
686534
632845
881791
382923
401256
532627
840122
587731
587978
596918
934726
699442
661369
574143
1067164
418672
701042
794552
880518
330274
990523
184506
945772
616465
379941
520292
1004733
879018
390949
301236
694850
85361
199345
233799
955937
567517
534860
760376
949192
445464
314248
262345
825596
584467
205548
139291
398399
299491
350701
458018
1118875
811123
412083
406258
1197580
703914
749058
678792
1145364
316638
960630
1032902
923260
509567
79181
90592
1615773
894815
639473
924951
1270314
221988
486631
386443
711771
657234
323355
204090
570483
379018
598077
416563
799195
839771
868814
930721
1492918
1116055
412444
404949
716880
525140
606220
424571
617783
466386
79836
887827
1435793
863405
904609
731699
694816
1089815
192534
113054
1050179
427642
310748
371402
545449
425310
324940
402355
542549
496104
1527582
1270009
1769616
847647
947145
818724
1206869
712616
367492
496156
828240
1060142
463435
432234
403036
923802
671531
1223642
1190518
496419
526151
612852
782281
357170
770820
466264
1002087
659853
1344437
1132732
1782163
1268339
701393
350310
625869
944450
827431
896191
1326796
736606
979407
689920
1496916
188018
192709
158198
970320
273448
125676
109286
1080584
838934
651584
857297
578025
694899
523081
128571
1641053
1890098
1905587
1345675
2014732
763401
446184
674400
1452526
317880
526077
679873
1324176
1085294
1051832
1222073
980776
946063
1039586
611262
1534792
1021724
528945
704391
1132463
947420
824763
1311693
1522511
479436
608375
744648
896169
375635
720714
667320
792707
541588
76515
766651
1362795
565026
646019
1345698
1878922
1332025
1798012
1039842
1558231
1278369
1454735
1738409
1719640
1241922
472836
2205070
1191721
1459086
1670275
1804253
2289798
1555453
580523
753321
1978692
1631466
1526780
1258637
1974781
1094139
365682
1376809
1379684
354672
221492
831085
1172108
577872
688347
290741
828917
699662
294406
118797
605184
361883
117547
119661
683744
171907
355771
456875
1180558
89439
346634
354979
600800
335571
622222
700049
469070
372967
465631
560248
1298348
330995
326346
219953
895343
524352
776285
738493
891941
462230
675122
773737
729277
531421
242134
413143
2310484
1596291
2547238
1840211
1337060
612416
2081715
1421463
704031
657953
1346419
2249440
2434563
2026759
637751
913029
1217316
657320
643397
339639
529040
196969
3071537
947542
1758052
724732
333495
241350
693641
210487
317178
474951
811733
783536
191020
141069
808693
543769
656558
608698
644080
237162
2350112
1614295
2285945
1663974
1670341
1113552
1498176
1047488
801983
462888
859649
199052
562267
504391
886231
213852
543064
327555
787193
321210
197394
418506
675170
318643
565493
218192
547506
242416
660331
885623
750551
220215
416345
445315
762968
786281
724659
772059
1048153
816582
930868
910579
1210263
999579
901301
1142032
1397335
1148466
1056074
967808
1132111
1021718
1028910
1048407
1250010
1151559
1005254
1094594
1294079
991890
995548
1306196
1254886
1195402
1157814
748438
1065450
857568
1000870
923506
1228620
1523164
1477024
1260884
1183344
1477357
1164451
1224578
1515421
1430941
1486544
1443049
1683123
1257701
1017429
1332041
1596132
1463049
1410942
939235
1874723
1474889
1893109
1281771
1807081
1388269
1408104
1209716
1666352
918040
908298
814104
951178
586654
660360
798528
1298486
944210
710570
665968
879043
824699
646927
553935
856424
639841
358737
553673
75415
218236
396627
369425
486616
261961
226629
214455
468425
403520
401369
390911
511318
444127
485462
465512
325353
355912
709831
592929
491116
854965
701511
694929
649014
791858
533957
520241
445456
746377
559867
699016
699951
1006246
718975
627991
577151
793577
574124
494163
477372
809373
708963
608959
677910
1310826
1815996
1352801
1600166
1634026
1528500
1394366
1111507
1610128
2141998
1606018
1634045
2139282
1721262
1526499
1492609
2025356
1323611
1369823
1205328
1656273
1157204
622713
595645
644080
557417
541850
1098051
1274932
1165618
1081944
1050141
1387499
1210023
1030091
939256
1056675
665777
626391
634030
1065609
724762
381864
512550
839495
320458
324503
409535
859541
491280
502001
405601
1211234
876965
907630
921020
1224884
997456
985660
1037809
986590
634308
663090
772424
1410159
686506
502743
744680
1522308
783437
2501648
2159326
2228569
1007141
978952
1040763
1131166
1253480
419403
575128
2360731
632029
570436
1900804
1752619
1682767
1680914
1695554
2234472
2070603
1928826
1898646
1697174
1129670
1335371
1246923
1683296
1490970
1427388
2239005
2244989
1838532
1689992
1626027
1927913
1870338
1764332
1022217
1341184
850979
785606
1979284
2008709
1691639
1276191
2134198
1981987
1818344
1545000
2046993
1825937
1603626
3114
3116
504145
731056
518612
489683
767410
518892
433733
680878
612271
499137
303730
475700
464285
530493
324530
600922
1059847
544020
457682
194889
480365
144084
396729
591465
917199
577810
1285848
1519181
1852979
1782478
1048049
661891
898403
704655
614209
524071
717376
603476
330982
265649
420043
209168
552724
319812
675852
402829
495479
364854
711163
499759
500400
491554
817979
436076
433471
473454
743750
584947
631672
527359
580565
419897
276420
217724
623678
239064
250755
193081
462317
353806
561506
225805
377526
416221
442874
463903
670662
602851
725874
567779
708705
586507
512942
542954
654673
552745
644111
252750
477266
369039
378852
467798
523845
387286
346936
676084
614813
587257
395306
548866
769594
603115
567197
495812
457141
414230
326419
425257
220661
362257
460093
340751
392764
373923
560727
648257
544656
442812
594355
530590
550870
473142
599989
345952
390490
463207
435900
449630
644739
1058585
729929
731762
811373
750098
733807
515771
543379
427726
439698
394810
687398
260337
132140
535933
730754
534058
723942
505789
702215
425511
513052
428199
527918
547735
641948
796960
1424135
1344140
1133586
2084807
1904745
1627764
1156203
2009595
2613021
1675272
1294541
904815
407228
298127
353224
329815
353283
636228
1616168
1152107
873266
1090349
1379644
1094713
1106664
1432106
956268
798647
547466
619118
777806
713482
1121747
1136883
1097171
1001354
1015377
874062
794057
854823
1019558
1063682
1096120
1166648
847438
331829
341187
305190
651443
312457
268304
256509
344692
283325
236744
468488
501784
344148
327843
358250
405548
626127
765597
610424
677106
315354
288407
211465
279157
546900
1044940
1049300
1327425
850026
1429155
1629960
872356
573837
714424
1421212
1882762
1440915
1432600
1371735
1772367
1322623
1258548
1157183
1161851
730302
729796
1233384
1348542
1036755
1035129
1005444
1201513
1218665
1158949
1178802
1111868
1044224
1213519
1104909
1179507
1166332
1124417
999919
1342700
1046600
1396883
1214054
1083330
1094893
1072687
700143
618713
393701
415285
514836
534171
1010634
1157530
823120
1317868
847160
925537
936934
1335600
988935
1098586
908752
1264008
912762
930748
958752
1558288
1236861
1368486
1268818
1494753
1068775
820323
640006
760591
637316
701048
671450
1007588
1145024
1076950
1062826
1322593
916554
719575
585308
811371
618211
778991
1149391
1640081
1170485
881099
923304
1391413
1054919
870482
884582
800980
512130
264384
501306
1223547
1401035
2206559
2264366
2258920
1071383
946296
1334268
2043163
2069209
1903262
1811900
2206906
1721809
1396652
999362
1728342
1466074
1758298
2000993
2324393
1497744
740227
408614
892552
1044549
1554473
1626786
1915571
1645462
1554401
1747627
1564089
1297871
1126256
1057069
1517390
1259020
1157462
1763483
809267
1559418
923343
540905
1696857
1731114
1472615
867649
763670
494634
494523
583040
572948
829255
595118
583713
862637
586564
537248
462519
707798
384793
365921
329365
686263
445189
437074
468304
687180
452669
431333
442324
695989
230864
643407
549964
656032
1013964
1085641
1099005
1103563
1904493
1357999
1612834
1229360
1603755
1036360
1036030
802707
649288
382839
403393
233901
905529
144884
761511
1437047
2191711
1713296
1646191
1425864
2274154
1704685
1559718
1473933
2368845
1352746
658266
606453
1227365
724080
667459
622852
1063573
628345
576997
579019
1114323
664588
600173
889179
1660187
1181865
964039
715301
1404678
790106
926649
911162
616928
177223
326621
143056
639843
390080
392513
658876
692255
592845
784824
751925
860134
682225
137648
570537
691964
450800
823771
1225424
1561609
1488896
1465462
1356572
909191
656611
638419
440087
566641
137790
254151
295993
509328
493210
540438
436490
488610
114201
140841
266674
699171
208578
80751
517689
771830
766134
280948
206679
515549
431252
377221
351826
587592
302465
287556
423595
1093629
692898
310194
447983
1071935
635691
984271
1313339
1211159
677429
450542
700272
770322
371255
686534
632845
881791
382923
401256
532627
840122
587731
587978
596918
934726
699442
661369
574143
1067164
418672
701042
794552
880518
330274
990523
184506
945772
616465
379941
520292
1004733
879018
390949
301236
694850
85361
199345
233799
955937
567517
534860
760376
949192
445464
314248
262345
825596
584467
205548
139291
398399
299491
350701
458018
1118875
811123
412083
406258
1197580
703914
749058
678792
1145364
316638
960630
1032902
923260
509567
79181
90592
1615773
894815
639473
924951
1270314
221988
486631
386443
711771
657234
323355
204090
570483
379018
598077
416563
799195
839771
868814
930721
1492918
1116055
412444
404949
716880
525140
606220
424571
617783
466386
79836
887827
1435793
863405
904609
731699
694816
1089815
192534
113054
1050179
427642
310748
371402
545449
425310
324940
402355
542549
496104
1527582
1270009
1769616
847647
947145
818724
1206869
712616
367492
496156
828240
1060142
463435
432234
403036
923802
671531
1223642
1190518
496419
526151
612852
782281
357170
770820
466264
1002087
659853
1344437
1132732
1782163
1268339
701393
350310
625869
944450
827431
896191
1326796
736606
979407
689920
1496916
188018
192709
158198
970320
273448
125676
109286
1080584
838934
651584
857297
578025
694899
523081
128571
1641053
1890098
1905587
1345675
2014732
763401
446184
674400
1452526
317880
526077
679873
1324176
1085294
1051832
1222073
980776
946063
1039586
611262
1534792
1021724
528945
704391
1132463
947420
824763
1311693
1522511
479436
608375
744648
896169
375635
720714
667320
792707
541588
76515
766651
1362795
565026
646019
1345698
1878922
1332025
1798012
1039842
1558231
1278369
1454735
1738409
1719640
1241922
472836
2205070
1191721
1459086
1670275
1804253
2289798
1555453
580523
753321
1978692
1631466
1526780
1258637
1974781
1094139
365682
1376809
1379684
354672
221492
831085
1172108
577872
688347
290741
828917
699662
294406
118797
605184
361883
117547
119661
683744
171907
355771
456875
1180558
89439
346634
354979
600800
335571
622222
700049
469070
372967
465631
560248
1298348
330995
326346
219953
895343
524352
776285
738493
891941
462230
675122
773737
729277
531421
242134
413143
2310484
1596291
2547238
1840211
1337060
612416
2081715
1421463
704031
657953
1346419
2249440
2434563
2026759
637751
913029
1217316
657320
643397
339639
529040
196969
3071537
947542
1758052
724732
333495
241350
693641
210487
317178
474951
811733
783536
191020
141069
808693
543769
656558
608698
644080
237162
2350112
1614295
2285945
1663974
1670341
1113552
1498176
1047488
801983
462888
859649
199052
562267
504391
886231
213852
543064
327555
787193
321210
197394
418506
675170
318643
565493
218192
547506
242416
660331
885623
750551
220215
416345
445315
762968
786281
724659
772059
1048153
816582
930868
910579
1210263
999579
901301
1142032
1397335
1148466
1056074
967808
1132111
1021718
1028910
1048407
1250010
1151559
1005254
1094594
1294079
991890
995548
1306196
1254886
1195402
1157814
748438
1065450
857568
1000870
923506
1228620
1523164
1477024
1260884
1183344
1477357
1164451
1224578
1515421
1430941
1486544
1443049
1683123
1257701
1017429
1332041
1596132
1463049
1410942
939235
1874723
1474889
1893109
1281771
1807081
1388269
1408104
1209716
1666352
918040
908298
814104
951178
586654
660360
798528
1298486
944210
710570
665968
879043
824699
646927
553935
856424
639841
358737
553673
75415
218236
396627
369425
486616
261961
226629
214455
468425
403520
401369
390911
511318
444127
485462
465512
325353
355912
709831
592929
491116
854965
701511
694929
649014
791858
533957
520241
445456
746377
559867
699016
699951
1006246
718975
627991
577151
793577
574124
494163
477372
809373
708963
608959
677910
1310826
1815996
1352801
1600166
1634026
1528500
1394366
1111507
1610128
2141998
1606018
1634045
2139282
1721262
1526499
1492609
2025356
1323611
1369823
1205328
1656273
1157204
622713
595645
644080
557417
541850
1098051
1274932
1165618
1081944
1050141
1387499
1210023
1030091
939256
1056675
665777
626391
634030
1065609
724762
381864
512550
839495
320458
324503
409535
859541
491280
502001
405601
1211234
876965
907630
921020
1224884
997456
985660
1037809
986590
634308
663090
772424
1410159
686506
502743
744680
1522308
783437
2501648
2159326
2228569
1007141
978952
1040763
1131166
1253480
419403
575128
2360731
632029
570436
1900804
1752619
1682767
1680914
1695554
2234472
2070603
1928826
1898646
1697174
1129670
1335371
1246923
1683296
1490970
1427388
2239005
2244989
1838532
1689992
1626027
1927913
1870338
1764332
1022217
1341184
850979
785606
1979284
2008709
1691639
1276191
2134198
1981987
1818344
1545000
2046993
1825937
1603626
3114
3116
504145
731056
518612
489683
767410
518892
433733
680878
612271
499137
303730
475700
464285
530493
324530
600922
1059847
544020
457682
194889
480365
144084
396729
591465
917199
577810
1285848
1519181
1852979
1782478
1048049
661891
898403
704655
614209
524071
717376
603476
330982
265649
420043
209168
552724
319812
675852
402829
495479
364854
711163
499759
500400
491554
817979
436076
433471
473454
743750
584947
631672
527359
580565
419897
276420
217724
623678
239064
250755
193081
462317
353806
561506
225805
377526
416221
442874
463903
670662
602851
725874
567779
708705
586507
512942
542954
654673
552745
644111
252750
477266
369039
378852
467798
523845
387286
346936
676084
614813
587257
395306
548866
769594
603115
567197
495812
457141
414230
326419
425257
220661
362257
460093
340751
392764
373923
560727
648257
544656
442812
594355
530590
550870
473142
599989
345952
390490
463207
435900
449630
644739
1058585
729929
731762
811373
750098
733807
515771
543379
427726
439698
394810
687398
260337
132140
535933
730754
534058
723942
505789
702215
425511
513052
428199
527918
547735
641948
796960
1424135
1344140
1133586
2084807
1904745
1627764
1156203
2009595
2613021
1675272
1294541
904815
407228
298127
353224
329815
353283
636228
1616168
1152107
873266
1090349
1379644
1094713
1106664
1432106
956268
798647
547466
619118
777806
713482
1121747
1136883
1097171
1001354
1015377
874062
794057
854823
1019558
1063682
1096120
1166648
847438
331829
341187
305190
651443
312457
268304
256509
344692
283325
236744
468488
501784
344148
327843
358250
405548
626127
765597
610424
677106
315354
288407
211465
279157
546900
1044940
1049300
1327425
850026
1429155
1629960
872356
573837
714424
1421212
1882762
1440915
1432600
1371735
1772367
1322623
1258548
1157183
1161851
730302
729796
1233384
1348542
1036755
1035129
1005444
1201513
1218665
1158949
1178802
1111868
1044224
1213519
1104909
1179507
1166332
1124417
999919
1342700
1046600
1396883
1214054
1083330
1094893
1072687
700143
618713
393701
415285
514836
534171
1010634
1157530
823120
1317868
847160
925537
936934
1335600
988935
1098586
908752
1264008
912762
930748
958752
1558288
1236861
1368486
1268818
1494753
1068775
820323
640006
760591
637316
701048
671450
1007588
1145024
1076950
1062826
1322593
916554
719575
585308
811371
618211
778991
1149391
1640081
1170485
881099
923304
1391413
1054919
870482
884582
800980
512130
264384
501306
1223547
1401035
2206559
2264366
2258920
1071383
946296
1334268
2043163
2069209
1903262
1811900
2206906
1721809
1396652
999362
1728342
1466074
1758298
2000993
2324393
1497744
740227
408614
892552
1044549
1554473
1626786
1915571
1645462
1554401
1747627
1564089
1297871
1126256
1057069
1517390
1259020
1157462
1763483
809267
1559418
923343
540905
1696857
1731114
1472615
867649
763670
494634
494523
583040
572948
829255
595118
583713
862637
586564
537248
462519
707798
384793
365921
329365
686263
445189
437074
468304
687180
452669
431333
442324
695989
