110858
345492
412165
530199
868814
902995
801143
724152
1298362
813195
1137583
975380
1175590
713259
704899
524025
379928
206770
214773
128408
574742
80604
651557
956655
1592865
1174706
1109353
994023
1650682
1198380
1021434
1002902
1769975
864821
342221
334326
832739
439214
440927
420393
773878
400665
366750
352552
757407
438265
383605
614877
1199122
834152
646546
426252
944043
461299
559740
535654
432668
99870
190725
74803
399083
189240
210376
452130
476104
337412
465492
430286
504550
428064
69895
442631
510806
292818
490089
780566
948813
797074
792955
785348
540608
332493
337463
229749
369916
77962
147533
179948
329948
361529
317442
295755
327778
62411
83885
166576
468384
128113
47746
481046
567279
483982
147239
128622
326117
259007
238986
217618
387671
184832
174675
267769
799202
408305
169938
276509
763826
437905
757317
967409
949303
392147
272260
449560
484726
222665
441267
408174
615025
245092
249905
326293
604272
367198
370728
377884
666562
484349
416152
372577
742441
272473
452946
486248
605907
197301
799561
92007
790985
422306
240385
338191
681950
601123
250584
212400
508513
37964
103155
136878
723817
410555
334724
553695
655985
246808
218663
169625
559617
387343
125773
83331
282665
197034
209107
292222
742822
569456
281818
277913
837548
456538
486021
439622
818979
216802
589596
671451
590167
354281
43100
58248
1121749
489067
409551
584215
850813
143430
307295
267281
455614
408941
172382
105973
443447
281285
331077
266039
546123
527662
565111
642413
1024726
762300
245823
268114
542166
365999
416187
303905
498206
339476
48197
729025
1143379
626082
615738
520537
560338
892387
65955
73962
901949
275743
193888
259387
395979
246380
187441
235061
407287
317036
1282300
1006565
1201009
610167
692524
572875
842524
516525
261647
352190
520920
758287
322563
278265
286757
665230
473610
960109
873885
356144
373141
397928
570805
234238
534345
260432
736308
470942
989589
673174
1335758
806133
450841
209367
433485
695621
593199
644942
925421
593613
638331
442858
1139061
106271
100733
87280
828706
141768
59238
57718
884973
570026
408606
602500
424475
499001
326426
81328
1266930
1205149
1256793
1011198
1629653
577941
298535
440649
1087036
200795
321118
423173
1055121
755464
786342
870752
725417
691579
683300
450841
1125483
687927
360387
496165
795686
742242
610866
917470
1059894
290630
386896
471410
662300
218955
549043
456661
550615
348401
45687
583965
1035730
374962
358768
933963
1470053
911021
1262879
754242
1271517
747424
980605
1108199
1313920
761699
308958
1601491
788744
984825
1011150
1254910
1550563
850325
357577
584341
1719524
1457792
1290830
1026625
1323306
818060
245471
978475
1088042
245216
156060
644017
871684
429452
494399
187887
587165
497798
179023
61541
446931
251735
80634
75905
500724
106527
240562
306406
865446
61620
266059
262443
468949
228542
436592
477988
361855
264263
306415
351442
954983
219657
194951
130142
741972
343330
510431
517591
643970
313973
463684
546078
552118
354551
161021
272194
1572966
1200553
1715757
1390613
870820
397269
1766890
1052668
471824
472647
985559
1578878
1591799
1213415
367900
570221
857563
455765
459330
204119
403200
138040
1928686
612845
1253805
462154
222802
147006
632097
154351
215158
343402
550318
622018
126601
95214
666168
328013
467273
388013
466183
175708
1708503
1190329
1525670
1146713
1055840
843931
1180903
619760
450478
311997
624613
127363
368465
331582
653143
118935
278680
175312
647693
229140
145494
319308
515136
235478
409443
159663
390578
156031
404646
603669
544601
116514
218823
257873
563894
530593
455717
506868
732965
521108
547676
471542
776318
642474
509497
698623
987560
688709
579740
574715
700209
625869
635826
626884
792508
703595
631028
646708
866170
582740
605813
861608
872720
757612
791064
447590
762728
568211
666008
628787
837561
930127
1063497
774534
1108475
1015878
855787
860539
1312946
1234283
1038746
967702
1314210
1061173
733047
1153655
1248918
1123410
1209938
722976
1348708
1070877
1551705
1019845
1430083
1067765
1189503
960248
1253743
725200
771223
701627
795827
449030
477637
533692
692537
498371
369584
367004
531781
469969
361286
340273
504127
343786
193223
258365
51520
111818
207122
180380
270470
131240
114212
109605
256928
193082
193285
198673
291251
233920
247226
206278
123861
195706
366502
356979
300483
684857
538699
506222
419101
556280
354920
343199
295625
507264
329008
415610
435815
669377
436595
292974
279346
452318
296157
237476
235883
464088
370155
330642
385591
837447
1089578
832733
1061102
1036823
903268
959048
728529
1031212
1286332
884629
976967
1460253
1289383
1271537
1246129
1596104
1030984
1109838
954127
1186102
898884
422318
422353
404143
312260
295308
854753
962091
831628
675734
758553
1097429
931223
781772
714552
774499
465024
433333
441497
785439
524781
272102
355527
615013
237215
195347
240584
655136
305383
356755
295772
964552
644951
666287
678665
965506
750755
735684
801523
785308
469834
472469
560626
1121188
452852
279923
410748
1217713
570880
1854731
1405428
1474507
756992
576649
617441
891198
1032890
319449
435559
1688790
420915
409055
1472391
1429997
1479503
1183419
1230857
1458047
1472366
956004
1072027
1193168
945008
1141079
976430
1128744
1133687
950211
1595834
1537574
1248405
999752
797837
1248476
1280970
1195747
745995
914894
538839
444779
1587197
1376387
1154142
892263
1448718
1121260
1130962
1002806
1410570
1324195
1272145
2072
2083
287107
425713
300092
283760
582903
365397
305651
458813
454091
350410
191948
306894
287263
335495
175495
424076
707374
370341
302868
133522
313388
78749
256453
376654
571936
313502
902651
1080802
1203256
1126092
764206
460015
677182
497434
329226
267309
524301
382602
185021
151964
303291
144966
393936
157252
538636
302613
310812
203374
577450
359313
279637
282256
644251
225812
227752
271082
493696
390619
439767
378699
399175
290322
156062
124445
433753
147465
134858
102967
338881
216925
358660
134234
202067
229147
236159
257543
385329
339856
422743
320177
427857
346072
283201
311925
397155
330916
403362
126414
356313
260001
288937
351301
410804
234893
220434
420603
355829
400239
236906
315175
503237
397713
362201
335798
292105
279822
213303
271924
155168
272339
283319
204987
255186
224100
345312
390120
366810
279605
400988
338489
354915
291873
364641
212762
287023
287846
249972
252674
353013
670631
456678
471328
511074
432166
444569
397886
439754
329552
338307
300033
595573
137933
79422
352562
597770
360016
461374
318420
619400
333068
415837
329938
349362
414494
486557
613165
1125462
956544
740093
1400060
1378007
1067295
788901
1445721
1752506
1213022
945775
610479
231828
157113
198802
191628
241219
443924
1207684
784371
625964
760679
833539
678992
737542
1081538
597726
562158
365222
409581
507275
471812
779630
738080
704744
638054
662745
566969
502838
537365
683257
690716
711001
763937
615314
154035
175043
165560
540303
221254
219896
215468
292195
235822
197173
304877
385983
212856
193664
217376
319872
432166
477341
393840
468629
246820
203355
123324
231367
363997
672247
742032
1201758
759683
1043572
1232980
578658
384909
484744
1183580
1635055
1258498
1224261
1109239
1179853
1035257
1055101
943379
885474
415126
404212
776083
1024766
647833
608901
591673
816671
804091
716496
778905
710914
683519
816187
667893
774593
842035
814930
635814
881785
605470
892123
843307
791691
794237
735119
502696
434241
220867
258485
322045
391849
687679
725377
477080
1107763
667470
720224
745748
1118639
774794
894007
753084
1078361
565895
523298
625447
1286421
997441
1097277
901998
979042
567113
408685
421537
514978
398551
465111
423791
768582
760585
690243
659945
958697
636282
401840
345774
522529
348165
562017
971845
1258448
775452
556002
576068
980188
546983
483469
590008
582117
386860
188339
336253
787187
990640
1312941
1383348
1596608
649456
597056
870670
1459733
1371069
1166183
1409245
1498040
1067254
784885
668145
1203714
819302
1031276
1435939
1768527
1143548
564821
274074
638627
647563
1014654
1075374
1501029
1258701
1048697
1184728
954294
788390
670797
646834
1046199
759614
805838
1312214
531655
1108645
617380
406402
1380816
1250255
1057610
657808
518288
290789
292676
404284
333657
542729
309992
317078
710976
448046
406866
353588
573804
280177
270272
262673
478490
154345
162982
174901
432500
170386
174374
184457
461273
110858
345492
412165
530199
868814
902995
801143
724152
1298362
813195
1137583
975380
1175590
713259
704899
524025
379928
206770
214773
128408
574742
80604
651557
956655
1592865
1174706
1109353
994023
1650682
1198380
1021434
1002902
1769975
864821
342221
334326
832739
439214
440927
420393
773878
400665
366750
352552
757407
438265
383605
614877
1199122
834152
646546
426252
944043
461299
559740
535654
432668
99870
190725
74803
399083
189240
210376
452130
476104
337412
465492
430286
504550
428064
69895
442631
510806
292818
490089
780566
948813
797074
792955
785348
540608
332493
337463
229749
369916
77962
147533
179948
329948
361529
317442
295755
327778
62411
83885
166576
468384
128113
47746
481046
567279
483982
147239
128622
326117
259007
238986
217618
387671
184832
174675
267769
799202
408305
169938
276509
763826
437905
757317
967409
949303
392147
272260
449560
484726
222665
441267
408174
615025
245092
249905
326293
604272
367198
370728
377884
666562
484349
416152
372577
742441
272473
452946
486248
605907
197301
799561
92007
790985
422306
240385
338191
681950
601123
250584
212400
508513
37964
103155
136878
723817
410555
334724
553695
655985
246808
218663
169625
559617
387343
125773
83331
282665
197034
209107
292222
742822
569456
281818
277913
837548
456538
486021
439622
818979
216802
589596
671451
590167
354281
43100
58248
1121749
489067
409551
584215
850813
143430
307295
267281
455614
408941
172382
105973
443447
281285
331077
266039
546123
527662
565111
642413
1024726
762300
245823
268114
542166
365999
416187
303905
498206
339476
48197
729025
1143379
626082
615738
520537
560338
892387
65955
73962
901949
275743
193888
259387
395979
246380
187441
235061
407287
317036
1282300
1006565
1201009
610167
692524
572875
842524
516525
261647
352190
520920
758287
322563
278265
286757
665230
473610
960109
873885
356144
373141
397928
570805
234238
534345
260432
736308
470942
989589
673174
1335758
806133
450841
209367
433485
695621
593199
644942
925421
593613
638331
442858
1139061
106271
100733
87280
828706
141768
59238
57718
884973
570026
408606
602500
424475
499001
326426
81328
1266930
1205149
1256793
1011198
1629653
577941
298535
440649
1087036
200795
321118
423173
1055121
755464
786342
870752
725417
691579
683300
450841
1125483
687927
360387
496165
795686
742242
610866
917470
1059894
290630
386896
471410
662300
218955
549043
456661
550615
348401
45687
583965
1035730
374962
358768
933963
1470053
911021
1262879
754242
1271517
747424
980605
1108199
1313920
761699
308958
1601491
788744
984825
1011150
1254910
1550563
850325
357577
584341
1719524
1457792
1290830
1026625
1323306
818060
245471
978475
1088042
245216
156060
644017
871684
429452
494399
187887
587165
497798
179023
61541
446931
251735
80634
75905
500724
106527
240562
306406
865446
61620
266059
262443
468949
228542
436592
477988
361855
264263
306415
351442
954983
219657
194951
130142
741972
343330
510431
517591
643970
313973
463684
546078
552118
354551
161021
272194
1572966
1200553
1715757
1390613
870820
397269
1766890
1052668
471824
472647
985559
1578878
1591799
1213415
367900
570221
857563
455765
459330
204119
403200
138040
1928686
612845
1253805
462154
222802
147006
632097
154351
215158
343402
550318
622018
126601
95214
666168
328013
467273
388013
466183
175708
1708503
1190329
1525670
1146713
1055840
843931
1180903
619760
450478
311997
624613
127363
368465
331582
653143
118935
278680
175312
647693
229140
145494
319308
515136
235478
409443
159663
390578
156031
404646
603669
544601
116514
218823
257873
563894
530593
455717
506868
732965
521108
547676
471542
776318
642474
509497
698623
987560
688709
579740
574715
700209
625869
635826
626884
792508
703595
631028
646708
866170
582740
605813
861608
872720
757612
791064
447590
762728
568211
666008
628787
837561
930127
1063497
774534
1108475
1015878
855787
860539
1312946
1234283
1038746
967702
1314210
1061173
733047
1153655
1248918
1123410
1209938
722976
1348708
1070877
1551705
1019845
1430083
1067765
1189503
960248
1253743
725200
771223
701627
795827
449030
477637
533692
692537
498371
369584
367004
531781
469969
361286
340273
504127
343786
193223
258365
51520
111818
207122
180380
270470
131240
114212
109605
256928
193082
193285
198673
291251
233920
247226
206278
123861
195706
366502
356979
300483
684857
538699
506222
419101
556280
354920
343199
295625
507264
329008
415610
435815
669377
436595
292974
279346
452318
296157
237476
235883
464088
370155
330642
385591
837447
1089578
832733
1061102
1036823
903268
959048
728529
1031212
1286332
884629
976967
1460253
1289383
1271537
1246129
1596104
1030984
1109838
954127
1186102
898884
422318
422353
404143
312260
295308
854753
962091
831628
675734
758553
1097429
931223
781772
714552
774499
465024
433333
441497
785439
524781
272102
355527
615013
237215
195347
240584
655136
305383
356755
295772
964552
644951
666287
678665
965506
750755
735684
801523
785308
469834
472469
560626
1121188
452852
279923
410748
1217713
570880
1854731
1405428
1474507
756992
576649
617441
891198
1032890
319449
435559
1688790
420915
409055
1472391
1429997
1479503
1183419
1230857
1458047
1472366
956004
1072027
1193168
945008
1141079
976430
1128744
1133687
950211
1595834
1537574
1248405
999752
797837
1248476
1280970
1195747
745995
914894
538839
444779
1587197
1376387
1154142
892263
1448718
1121260
1130962
1002806
1410570
1324195
1272145
2072
2083
287107
425713
300092
283760
582903
365397
305651
458813
454091
350410
191948
306894
287263
335495
175495
424076
707374
370341
302868
133522
313388
78749
256453
376654
571936
313502
902651
1080802
1203256
1126092
764206
460015
677182
497434
329226
267309
524301
382602
185021
151964
303291
144966
393936
157252
538636
302613
310812
203374
577450
359313
279637
282256
644251
225812
227752
271082
493696
390619
439767
378699
399175
290322
156062
124445
433753
147465
134858
102967
338881
216925
358660
134234
202067
229147
236159
257543
385329
339856
422743
320177
427857
346072
283201
311925
397155
330916
403362
126414
356313
260001
288937
351301
410804
234893
220434
420603
355829
400239
236906
315175
503237
397713
362201
335798
292105
279822
213303
271924
155168
272339
283319
204987
255186
224100
345312
390120
366810
279605
400988
338489
354915
291873
364641
212762
287023
287846
249972
252674
353013
670631
456678
471328
511074
432166
444569
397886
439754
329552
338307
300033
595573
137933
79422
352562
597770
360016
461374
318420
619400
333068
415837
329938
349362
414494
486557
613165
1125462
956544
740093
1400060
1378007
1067295
788901
1445721
1752506
1213022
945775
610479
231828
157113
198802
191628
241219
443924
1207684
784371
625964
760679
833539
678992
737542
1081538
597726
562158
365222
409581
507275
471812
779630
738080
704744
638054
662745
566969
502838
537365
683257
690716
711001
763937
615314
154035
175043
165560
540303
221254
219896
215468
292195
235822
197173
304877
385983
212856
193664
217376
319872
432166
477341
393840
468629
246820
203355
123324
231367
363997
672247
742032
1201758
759683
1043572
1232980
578658
384909
484744
1183580
1635055
1258498
1224261
1109239
1179853
1035257
1055101
943379
885474
415126
404212
776083
1024766
647833
608901
591673
816671
804091
716496
778905
710914
683519
816187
667893
774593
842035
814930
635814
881785
605470
892123
843307
791691
794237
735119
502696
434241
220867
258485
322045
391849
687679
725377
477080
1107763
667470
720224
745748
1118639
774794
894007
753084
1078361
565895
523298
625447
1286421
997441
1097277
901998
979042
567113
408685
421537
514978
398551
465111
423791
768582
760585
690243
659945
958697
636282
401840
345774
522529
348165
562017
971845
1258448
775452
556002
576068
980188
546983
483469
590008
582117
386860
188339
336253
787187
990640
1312941
1383348
1596608
649456
597056
870670
1459733
1371069
1166183
1409245
1498040
1067254
784885
668145
1203714
819302
1031276
1435939
1768527
1143548
564821
274074
638627
647563
1014654
1075374
1501029
1258701
1048697
1184728
954294
788390
670797
646834
1046199
759614
805838
1312214
531655
1108645
617380
406402
1380816
1250255
1057610
657808
518288
290789
292676
404284
333657
542729
309992
317078
710976
448046
406866
353588
573804
280177
270272
262673
478490
154345
162982
174901
432500
170386
174374
184457
461273
110858
345492
412165
530199
868814
902995
801143
724152
1298362
813195
1137583
975380
1175590
713259
704899
524025
379928
206770
214773
128408
574742
80604
651557
956655
1592865
1174706
1109353
994023
1650682
1198380
1021434
1002902
1769975
864821
342221
334326
832739
439214
440927
420393
773878
400665
366750
352552
757407
438265
383605
614877
1199122
834152
646546
426252
944043
461299
559740
535654
432668
99870
190725
74803
399083
189240
210376
452130
476104
337412
465492
430286
504550
428064
69895
442631
510806
292818
490089
780566
948813
797074
792955
785348
540608
332493
337463
229749
369916
77962
147533
179948
329948
361529
317442
295755
327778
62411
83885
166576
468384
128113
47746
481046
567279
483982
147239
128622
326117
259007
238986
217618
387671
184832
174675
267769
799202
408305
169938
276509
763826
437905
757317
967409
949303
392147
272260
449560
484726
222665
441267
408174
615025
245092
249905
326293
604272
367198
370728
377884
666562
484349
416152
372577
742441
272473
452946
486248
605907
197301
799561
92007
790985
422306
240385
338191
681950
601123
250584
212400
508513
37964
103155
136878
723817
410555
334724
553695
655985
246808
218663
169625
559617
387343
125773
83331
282665
197034
209107
292222
742822
569456
281818
277913
837548
456538
486021
439622
818979
216802
589596
671451
590167
354281
43100
58248
1121749
489067
409551
584215
850813
143430
307295
267281
455614
408941
172382
105973
443447
281285
331077
266039
546123
527662
565111
642413
1024726
762300
245823
268114
542166
365999
416187
303905
498206
339476
48197
729025
1143379
626082
615738
520537
560338
892387
65955
73962
901949
275743
193888
259387
395979
246380
187441
235061
407287
317036
1282300
1006565
1201009
610167
692524
572875
842524
516525
261647
352190
520920
758287
322563
278265
286757
665230
473610
960109
873885
356144
373141
397928
570805
234238
534345
260432
736308
470942
989589
673174
1335758
806133
450841
209367
433485
695621
593199
644942
925421
593613
638331
442858
1139061
106271
100733
87280
828706
141768
59238
57718
884973
570026
408606
602500
424475
499001
326426
81328
1266930
1205149
1256793
1011198
1629653
577941
298535
440649
1087036
200795
321118
423173
1055121
755464
786342
870752
725417
691579
683300
450841
1125483
687927
360387
496165
795686
742242
610866
917470
1059894
290630
386896
471410
662300
218955
549043
456661
550615
348401
45687
583965
1035730
374962
358768
933963
1470053
911021
1262879
754242
1271517
747424
980605
1108199
1313920
761699
308958
1601491
788744
984825
1011150
1254910
1550563
850325
357577
584341
1719524
1457792
1290830
1026625
1323306
818060
245471
978475
1088042
245216
156060
644017
871684
429452
494399
187887
587165
497798
179023
61541
446931
251735
80634
75905
500724
106527
240562
306406
865446
61620
266059
262443
468949
228542
436592
477988
361855
264263
306415
351442
954983
219657
194951
130142
741972
343330
510431
517591
643970
313973
463684
546078
552118
354551
161021
272194
1572966
1200553
1715757
1390613
870820
397269
1766890
1052668
471824
472647
985559
1578878
1591799
1213415
367900
570221
857563
455765
459330
204119
403200
138040
1928686
612845
1253805
462154
222802
147006
632097
154351
215158
343402
550318
622018
126601
95214
666168
328013
467273
388013
466183
175708
1708503
1190329
1525670
1146713
1055840
843931
1180903
619760
450478
311997
624613
127363
368465
331582
653143
118935
278680
175312
647693
229140
145494
319308
515136
235478
409443
159663
390578
156031
404646
603669
544601
116514
218823
257873
563894
530593
455717
506868
732965
521108
547676
471542
776318
642474
509497
698623
987560
688709
579740
574715
700209
625869
635826
626884
792508
703595
631028
646708
866170
582740
605813
861608
872720
757612
791064
447590
762728
568211
666008
628787
837561
930127
1063497
774534
1108475
1015878
855787
860539
1312946
1234283
1038746
967702
1314210
1061173
733047
1153655
1248918
1123410
1209938
722976
1348708
1070877
1551705
1019845
1430083
1067765
1189503
960248
1253743
725200
771223
701627
795827
449030
477637
533692
692537
498371
369584
367004
531781
469969
361286
340273
504127
343786
193223
258365
51520
111818
207122
180380
270470
131240
114212
109605
256928
193082
193285
198673
291251
233920
247226
206278
123861
195706
366502
356979
300483
684857
538699
506222
419101
556280
354920
343199
295625
507264
329008
415610
435815
669377
436595
292974
279346
452318
296157
237476
235883
464088
370155
330642
385591
837447
1089578
832733
1061102
1036823
903268
959048
728529
1031212
1286332
884629
976967
1460253
1289383
1271537
1246129
1596104
1030984
1109838
954127
1186102
898884
422318
422353
404143
312260
295308
854753
962091
831628
675734
758553
1097429
931223
781772
714552
774499
465024
433333
441497
785439
524781
272102
355527
615013
237215
195347
240584
655136
305383
356755
295772
964552
644951
666287
678665
965506
750755
735684
801523
785308
469834
472469
560626
1121188
452852
279923
410748
1217713
570880
1854731
1405428
1474507
756992
576649
617441
891198
1032890
319449
435559
1688790
420915
409055
1472391
1429997
1479503
1183419
1230857
1458047
1472366
956004
1072027
1193168
945008
1141079
976430
1128744
1133687
950211
1595834
1537574
1248405
999752
797837
1248476
1280970
1195747
745995
914894
538839
444779
1587197
1376387
1154142
892263
1448718
1121260
1130962
1002806
1410570
1324195
1272145
2072
2083
287107
425713
300092
283760
582903
365397
305651
458813
454091
350410
191948
306894
287263
335495
175495
424076
707374
370341
302868
133522
313388
78749
256453
376654
571936
313502
902651
1080802
1203256
1126092
764206
460015
677182
497434
329226
267309
524301
382602
185021
151964
303291
144966
393936
157252
538636
302613
310812
203374
577450
359313
279637
282256
644251
225812
227752
271082
493696
390619
439767
378699
399175
290322
156062
124445
433753
147465
134858
102967
338881
216925
358660
134234
202067
229147
236159
257543
385329
339856
422743
320177
427857
346072
283201
311925
397155
330916
403362
126414
356313
260001
288937
351301
410804
234893
220434
420603
355829
400239
236906
315175
503237
397713
362201
335798
292105
279822
213303
271924
155168
272339
283319
204987
255186
224100
345312
390120
366810
279605
400988
338489
354915
291873
364641
212762
287023
287846
249972
252674
353013
670631
456678
471328
511074
432166
444569
397886
439754
329552
338307
300033
595573
137933
79422
352562
597770
360016
461374
318420
619400
333068
415837
329938
349362
414494
486557
613165
1125462
956544
740093
1400060
1378007
1067295
788901
1445721
1752506
1213022
945775
610479
231828
157113
198802
191628
241219
443924
1207684
784371
625964
760679
833539
678992
737542
1081538
597726
562158
365222
409581
507275
471812
779630
738080
704744
638054
662745
566969
502838
537365
683257
690716
711001
763937
615314
154035
175043
165560
540303
221254
219896
215468
292195
235822
197173
304877
385983
212856
193664
217376
319872
432166
477341
393840
468629
246820
203355
123324
231367
363997
672247
742032
1201758
759683
1043572
1232980
578658
384909
484744
1183580
1635055
1258498
1224261
1109239
1179853
1035257
1055101
943379
885474
415126
404212
776083
1024766
647833
608901
591673
816671
804091
716496
778905
710914
683519
816187
667893
774593
842035
814930
635814
881785
605470
892123
843307
791691
794237
735119
502696
434241
220867
258485
322045
391849
687679
725377
477080
1107763
667470
720224
745748
1118639
774794
894007
753084
1078361
565895
523298
625447
1286421
997441
1097277
901998
979042
567113
408685
421537
514978
398551
465111
423791
768582
760585
690243
659945
958697
636282
401840
345774
522529
348165
562017
971845
1258448
775452
556002
576068
980188
546983
483469
590008
582117
386860
188339
336253
787187
990640
1312941
1383348
1596608
649456
597056
870670
1459733
1371069
1166183
1409245
1498040
1067254
784885
668145
1203714
819302
1031276
1435939
1768527
1143548
564821
274074
638627
647563
1014654
1075374
1501029
1258701
1048697
1184728
954294
788390
670797
646834
1046199
759614
805838
1312214
531655
1108645
617380
406402
1380816
1250255
1057610
657808
518288
290789
292676
404284
333657
542729
309992
317078
710976
448046
406866
353588
573804
280177
270272
262673
478490
154345
162982
174901
432500
170386
174374
184457
461273
110858
345492
412165
530199
868814
902995
801143
724152
1298362
813195
1137583
975380
1175590
713259
704899
524025
379928
206770
214773
128408
574742
80604
651557
956655
1592865
1174706
1109353
994023
1650682
1198380
1021434
1002902
1769975
864821
342221
334326
832739
439214
440927
420393
773878
400665
366750
352552
757407
438265
383605
614877
1199122
834152
646546
426252
944043
461299
559740
535654
432668
99870
190725
74803
399083
189240
210376
452130
476104
337412
465492
430286
504550
428064
69895
442631
510806
292818
490089
780566
948813
797074
792955
785348
540608
332493
337463
229749
369916
77962
147533
179948
329948
361529
317442
295755
327778
62411
83885
166576
468384
128113
47746
481046
567279
483982
147239
128622
326117
259007
238986
217618
387671
184832
174675
267769
799202
408305
169938
276509
763826
437905
757317
967409
949303
392147
272260
449560
484726
222665
441267
408174
615025
245092
249905
326293
604272
367198
370728
377884
666562
484349
416152
372577
742441
272473
452946
486248
605907
197301
799561
92007
790985
422306
240385
338191
681950
601123
250584
212400
508513
37964
103155
136878
723817
410555
334724
553695
655985
246808
218663
169625
559617
387343
125773
83331
282665
197034
209107
292222
742822
569456
281818
277913
837548
456538
486021
439622
818979
216802
589596
671451
590167
354281
43100
58248
1121749
489067
409551
584215
850813
143430
307295
267281
455614
408941
172382
105973
443447
281285
331077
266039
546123
527662
565111
642413
1024726
762300
245823
268114
542166
365999
416187
303905
498206
339476
48197
729025
1143379
626082
615738
520537
560338
892387
65955
73962
901949
275743
193888
259387
395979
246380
187441
235061
407287
317036
1282300
1006565
1201009
610167
692524
572875
842524
516525
261647
352190
520920
758287
322563
278265
286757
665230
473610
960109
873885
356144
373141
397928
570805
234238
534345
260432
736308
470942
989589
673174
1335758
806133
450841
209367
433485
695621
593199
644942
925421
593613
638331
442858
1139061
106271
100733
87280
828706
141768
59238
57718
884973
570026
408606
602500
424475
499001
326426
81328
1266930
1205149
1256793
1011198
1629653
577941
298535
440649
1087036
200795
321118
423173
1055121
755464
786342
870752
725417
691579
683300
450841
1125483
687927
360387
496165
795686
742242
610866
917470
1059894
290630
386896
471410
662300
218955
549043
456661
550615
348401
45687
583965
1035730
374962
358768
933963
1470053
911021
1262879
754242
1271517
747424
980605
1108199
1313920
761699
308958
1601491
788744
984825
1011150
1254910
1550563
850325
357577
584341
1719524
1457792
1290830
1026625
1323306
818060
245471
978475
1088042
245216
156060
644017
871684
429452
494399
187887
587165
497798
179023
61541
446931
251735
80634
75905
500724
106527
240562
306406
865446
61620
266059
262443
468949
228542
436592
477988
361855
264263
306415
351442
954983
219657
194951
130142
741972
343330
510431
517591
643970
313973
463684
546078
552118
354551
161021
272194
1572966
1200553
1715757
1390613
870820
397269
1766890
1052668
471824
472647
985559
1578878
1591799
1213415
367900
570221
857563
455765
459330
204119
403200
138040
1928686
612845
1253805
462154
222802
147006
632097
154351
215158
343402
550318
622018
126601
95214
666168
328013
467273
388013
466183
175708
1708503
1190329
1525670
1146713
1055840
843931
1180903
619760
450478
311997
624613
127363
368465
331582
653143
118935
278680
175312
647693
229140
145494
319308
515136
235478
409443
159663
390578
156031
404646
603669
544601
116514
218823
257873
563894
530593
455717
506868
732965
521108
547676
471542
776318
642474
509497
698623
987560
688709
579740
574715
700209
625869
635826
626884
792508
703595
631028
646708
866170
582740
605813
861608
872720
757612
791064
447590
762728
568211
666008
628787
837561
930127
1063497
774534
1108475
1015878
855787
860539
1312946
1234283
1038746
967702
1314210
1061173
733047
1153655
1248918
1123410
1209938
722976
1348708
1070877
1551705
1019845
1430083
1067765
1189503
960248
1253743
725200
771223
701627
795827
449030
477637
533692
692537
498371
369584
367004
531781
469969
361286
340273
504127
343786
193223
258365
51520
111818
207122
180380
270470
131240
114212
109605
256928
193082
193285
198673
291251
233920
247226
206278
123861
195706
366502
356979
300483
684857
538699
506222
419101
556280
354920
343199
295625
507264
329008
415610
435815
669377
436595
292974
279346
452318
296157
237476
235883
464088
370155
330642
385591
837447
1089578
832733
1061102
1036823
903268
959048
728529
1031212
1286332
884629
976967
1460253
1289383
1271537
1246129
1596104
1030984
1109838
954127
1186102
898884
422318
422353
404143
312260
295308
854753
962091
831628
675734
758553
1097429
931223
781772
714552
774499
465024
433333
441497
785439
524781
272102
355527
615013
237215
195347
240584
655136
305383
356755
295772
964552
644951
666287
678665
965506
750755
735684
801523
785308
469834
472469
560626
1121188
452852
279923
410748
1217713
570880
1854731
1405428
1474507
756992
576649
617441
891198
1032890
319449
435559
1688790
420915
409055
1472391
1429997
1479503
1183419
1230857
1458047
1472366
956004
1072027
1193168
945008
1141079
976430
1128744
1133687
950211
1595834
1537574
1248405
999752
797837
1248476
1280970
1195747
745995
914894
538839
444779
1587197
1376387
1154142
892263
1448718
1121260
1130962
1002806
1410570
1324195
1272145
2072
2083
287107
425713
300092
283760
582903
365397
305651
458813
454091
350410
191948
306894
287263
335495
175495
424076
707374
370341
302868
133522
313388
78749
256453
376654
571936
313502
902651
1080802
1203256
1126092
764206
460015
677182
497434
329226
267309
524301
382602
185021
151964
303291
144966
393936
157252
538636
302613
310812
203374
577450
359313
279637
282256
644251
225812
227752
271082
493696
390619
439767
378699
399175
290322
156062
124445
433753
147465
134858
102967
338881
216925
358660
134234
202067
229147
236159
257543
385329
339856
422743
320177
427857
346072
283201
311925
397155
330916
403362
126414
356313
260001
288937
351301
410804
234893
220434
420603
355829
400239
236906
315175
503237
397713
362201
335798
292105
279822
213303
271924
155168
272339
283319
204987
255186
224100
345312
390120
366810
279605
400988
338489
354915
291873
364641
212762
287023
287846
249972
252674
353013
670631
456678
471328
511074
432166
444569
397886
439754
329552
338307
300033
595573
137933
79422
352562
597770
360016
461374
318420
619400
333068
415837
329938
349362
414494
486557
613165
1125462
956544
740093
1400060
1378007
1067295
788901
1445721
1752506
1213022
945775
610479
231828
157113
198802
191628
241219
443924
1207684
784371
625964
760679
833539
678992
737542
1081538
597726
562158
365222
409581
507275
471812
779630
738080
704744
638054
662745
566969
502838
537365
683257
690716
711001
763937
615314
154035
175043
165560
540303
221254
219896
215468
292195
235822
197173
304877
385983
212856
193664
217376
319872
432166
477341
393840
468629
246820
203355
123324
231367
363997
672247
742032
1201758
759683
1043572
1232980
578658
384909
484744
1183580
1635055
1258498
1224261
1109239
1179853
1035257
1055101
943379
885474
415126
404212
776083
1024766
647833
608901
591673
816671
804091
716496
778905
710914
683519
816187
667893
774593
842035
814930
635814
881785
605470
892123
843307
791691
794237
735119
502696
434241
220867
258485
322045
391849
687679
725377
477080
1107763
667470
720224
745748
1118639
774794
894007
753084
1078361
565895
523298
625447
1286421
997441
1097277
901998
979042
567113
408685
421537
514978
398551
465111
423791
768582
760585
690243
659945
958697
636282
401840
345774
522529
348165
562017
971845
1258448
775452
556002
576068
980188
546983
483469
590008
582117
386860
188339
336253
787187
990640
1312941
1383348
1596608
649456
597056
870670
1459733
1371069
1166183
1409245
1498040
1067254
784885
668145
1203714
819302
1031276
1435939
1768527
1143548
564821
274074
638627
647563
1014654
1075374
1501029
1258701
1048697
1184728
954294
788390
670797
646834
1046199
759614
805838
1312214
531655
1108645
617380
406402
1380816
1250255
1057610
657808
518288
290789
292676
404284
333657
542729
309992
317078
710976
448046
406866
353588
573804
280177
270272
262673
478490
154345
162982
174901
432500
170386
174374
184457
461273
