46949
89575
95058
105751
197238
152058
144248
133748
236721
158928
177443
175022
231969
112555
116651
121993
112122
61226
60549
36588
165324
19214
134977
156330
274678
180259
162318
155565
278335
190430
168410
196807
358903
206121
123698
119994
200573
88463
95567
84294
189890
95487
90791
74767
184691
102477
90747
152661
276332
183474
144002
87576
212011
98891
121741
128971
119596
27892
40497
16771
108381
40612
45360
112981
142452
79135
118911
93265
124579
113948
11776
94266
119400
59715
112204
204942
273022
228552
218833
211074
157356
107499
109403
68910
100521
21002
40580
49078
94972
97830
88224
83933
99322
17735
22784
43205
141967
34644
16632
102925
144925
121363
42749
37672
97089
82302
70045
65428
117966
55846
47563
78413
216471
105452
55504
84551
229703
127322
144391
191519
214074
129686
86934
135287
140462
55107
128230
107618
172501
54848
61660
88961
159250
97687
99327
99998
179036
96538
114212
97723
206620
62554
122692
136095
165117
48680
187107
25177
189827
136471
79239
107489
217290
172612
67620
55209
156702
12487
34917
43533
220745
92911
93787
153229
210130
89995
51689
35747
193760
113151
47164
29402
80052
51170
58245
89420
250113
166693
67602
72917
255138
149284
155459
139943
262108
63213
200591
199377
180414
97690
8840
12064
310014
154080
106146
182781
221351
25367
88061
76144
141531
130851
59730
36553
122199
74345
119118
85352
169444
181412
186780
204523
320038
239527
82207
73619
144245
93377
115086
76119
120556
83999
9952
127979
192261
87703
176950
124224
121737
219061
17168
21643
222570
77591
48753
59911
104067
68960
50722
62996
99802
101132
287012
249707
347568
152534
175534
149073
251546
122917
58581
72110
147148
212422
82206
82810
74924
160228
99551
211613
247543
81135
94258
97823
168209
64955
138759
60623
151823
81296
253224
197284
346781
210928
109313
60739
127350
196897
143557
177251
268965
88373
119152
83852
228417
29329
29593
25635
189415
42341
16966
21613
214829
182799
127636
200390
131915
144842
87058
16848
210236
291001
316423
203239
357696
161591
85725
145303
301878
54910
86270
116556
297787
233556
171503
182785
153265
193493
193031
102276
303343
189210
102942
141316
231148
161622
136650
238552
306601
82910
114300
148730
193408
73503
102135
83813
140696
117717
14581
144921
242731
79391
98592
224903
335022
236130
305815
172276
278239
220558
253093
273832
294119
199089
64863
375185
215381
259472
300688
330971
408347
145665
70928
85900
293234
240794
231891
196632
308509
131128
34103
232168
250316
48861
34759
139391
182505
74266
130192
45501
167572
128648
42935
15606
115239
60899
15992
17932
133127
26685
75997
87542
242690
17428
58702
40870
116758
52247
144225
150020
79690
51693
87800
92430
261932
46712
56558
32201
179246
85956
169224
156517
213515
78670
110285
128278
142807
119450
49640
87537
505421
296242
349151
250133
230009
85254
319304
168279
107416
90425
247574
411995
439114
280701
89801
168284
278818
126950
110752
60299
119220
32677
541928
176523
371935
85320
53412
48824
145055
38286
63425
105946
175842
135261
23418
17010
158762
96702
98358
86727
87942
39745
257053
200217
349357
234712
274860
184025
257708
167457
114171
56998
141624
24467
89919
78284
162341
25561
82001
46439
126463
37353
27212
70222
101527
31836
101419
25976
109577
47861
115489
99819
98264
27331
48560
47012
76733
78133
61139
70650
107278
93307
108502
103736
147773
115632
99674
133063
176545
155437
137654
116968
147782
122193
117383
130159
161117
134924
121140
139560
174278
119739
122317
165509
171480
148138
139409
85112
127600
98001
104849
95876
160544
200241
189850
217398
285832
287745
226548
229484
292964
217400
236704
239663
310095
200921
180441
205458
270579
187697
179089
138735
302875
189991
229508
185279
280737
174622
149474
127289
212179
94177
89927
70710
102422
47864
42430
39107
57717
33801
44163
44600
66180
56679
39723
34986
69124
44216
23363
33511
11695
17506
35540
32821
45707
19582
15857
13785
44445
33255
30131
31699
43029
31572
36371
32643
25646
75228
99799
108001
76686
126417
78470
68390
61845
95784
53761
50639
47151
94073
59648
65434
62558
110385
67063
63020
54005
81831
54357
45666
44236
91839
87809
78909
114655
266755
384691
277889
316566
290095
244484
220361
158283
263086
331127
229777
248934
355310
234604
212971
206811
297530
171938
174993
148123
230765
149331
76826
69675
88329
74864
74882
180582
216459
193407
186051
170383
240928
191140
150210
129138
145831
78647
70685
70604
146639
88029
62295
84863
122020
47196
50315
67827
123923
82960
80704
58151
186763
142391
146120
147127
208300
161175
155756
184747
186063
110963
125813
149950
279439
126259
94352
146756
301243
155342
447768
338571
321814
168867
150014
166607
184640
200278
62888
91822
371233
100307
104339
434866
384560
281724
227918
253989
344334
292170
242247
236406
289106
147377
193397
188594
319664
233299
226201
389456
395360
249694
295422
227753
317013
251571
271850
176904
178913
80914
88373
349782
287595
201826
187949
390070
416679
341715
234603
271263
246241
269885
986
985
77923
100508
80632
75424
118172
72578
53499
97991
85571
71496
34891
62085
72057
74773
40308
89308
175431
75997
84989
36606
98815
29207
69849
90653
167797
87348
223670
254136
344648
313418
176128
92658
132174
92383
93091
83889
113351
99028
52270
38787
64689
26647
83185
34818
96589
43091
60458
41780
98711
61494
69867
67400
109441
60910
57134
62670
114262
75530
79797
64046
96590
80579
48166
34113
119494
42656
46268
35125
86959
58081
87607
36128
59764
56417
63020
62629
95828
92823
120242
84436
120868
96895
80393
86023
110740
84142
103554
38036
73270
49465
63120
79926
110458
83350
64904
108426
134423
120922
81928
103838
152132
103571
94872
76979
90187
86369
85862
102970
65984
86000
103222
56564
66118
57318
89691
111424
96365
91606
119081
105011
113355
91948
127285
77725
94075
94542
87559
87632
102537
218649
141661
132356
167757
152721
129035
79135
82384
55170
57971
50703
127688
20413
20350
89779
150771
90381
136083
87476
138685
66230
65963
68314
105184
98467
85708
128597
260745
208172
181122
328193
315668
289940
209166
427753
437097
265747
156789
114147
81584
55639
67945
62361
70090
150217
284625
253036
150478
204207
245300
195956
204672
214113
122541
116399
104680
114458
158424
155053
238959
241859
229176
207761
215826
177048
147097
155541
186759
189558
193023
209367
164917
58004
61885
54952
121876
47850
42828
42025
63508
47050
37732
69260
76830
60221
55608
62182
72285
120057
113109
85195
109343
56651
50355
36711
48687
115105
221018
224602
226062
114738
160144
282864
179122
115465
128156
224428
293947
202411
196641
186457
271635
180142
168753
148977
204364
109372
113042
256734
249954
194786
195239
190488
239048
185982
171492
165929
187822
154954
178088
164129
181372
156735
151756
161310
236638
161885
244512
223245
197567
159984
155897
106209
103722
51327
65920
102027
83837
128482
153932
101023
178771
86971
100307
112000
176280
108217
102063
92349
176775
133214
135261
136931
212105
155378
180180
167250
226497
133884
89656
94564
116847
83751
90330
93057
156366
162360
156017
147062
255477
153306
102914
86465
124724
91052
118006
142440
215747
171041
115851
122319
190780
123972
106974
120348
124062
83240
41012
69763
188266
241343
349509
339680
355374
148148
133296
204188
386174
326083
254122
242517
333486
235285
191559
155955
300946
226435
278944
316675
370225
204316
105830
67726
169702
188161
288282
272668
303290
250428
253965
316954
268388
213865
170536
159294
237606
175368
169770
300568
141301
254383
156218
82381
294637
303730
238785
99084
95189
62194
63069
74294
81952
138753
92968
93724
144053
84671
77259
63021
109313
48169
43692
31410
105057
36182
39396
41305
90299
41878
44165
44042
93503
46949
89575
95058
105751
197238
152058
144248
133748
236721
158928
177443
175022
231969
112555
116651
121993
112122
61226
60549
36588
165324
19214
134977
156330
274678
180259
162318
155565
278335
190430
168410
196807
358903
206121
123698
119994
200573
88463
95567
84294
189890
95487
90791
74767
184691
102477
90747
152661
276332
183474
144002
87576
212011
98891
121741
128971
119596
27892
40497
16771
108381
40612
45360
112981
142452
79135
118911
93265
124579
113948
11776
94266
119400
59715
112204
204942
273022
228552
218833
211074
157356
107499
109403
68910
100521
21002
40580
49078
94972
97830
88224
83933
99322
17735
22784
43205
141967
34644
16632
102925
144925
121363
42749
37672
97089
82302
70045
65428
117966
55846
47563
78413
216471
105452
55504
84551
229703
127322
144391
191519
214074
129686
86934
135287
140462
55107
128230
107618
172501
54848
61660
88961
159250
97687
99327
99998
179036
96538
114212
97723
206620
62554
122692
136095
165117
48680
187107
25177
189827
136471
79239
107489
217290
172612
67620
55209
156702
12487
34917
43533
220745
92911
93787
153229
210130
89995
51689
35747
193760
113151
47164
29402
80052
51170
58245
89420
250113
166693
67602
72917
255138
149284
155459
139943
262108
63213
200591
199377
180414
97690
8840
12064
310014
154080
106146
182781
221351
25367
88061
76144
141531
130851
59730
36553
122199
74345
119118
85352
169444
181412
186780
204523
320038
239527
82207
73619
144245
93377
115086
76119
120556
83999
9952
127979
192261
87703
176950
124224
121737
219061
17168
21643
222570
77591
48753
59911
104067
68960
50722
62996
99802
101132
287012
249707
347568
152534
175534
149073
251546
122917
58581
72110
147148
212422
82206
82810
74924
160228
99551
211613
247543
81135
94258
97823
168209
64955
138759
60623
151823
81296
253224
197284
346781
210928
109313
60739
127350
196897
143557
177251
268965
88373
119152
83852
228417
29329
29593
25635
189415
42341
16966
21613
214829
182799
127636
200390
131915
144842
87058
16848
210236
291001
316423
203239
357696
161591
85725
145303
301878
54910
86270
116556
297787
233556
171503
182785
153265
193493
193031
102276
303343
189210
102942
141316
231148
161622
136650
238552
306601
82910
114300
148730
193408
73503
102135
83813
140696
117717
14581
144921
242731
79391
98592
224903
335022
236130
305815
172276
278239
220558
253093
273832
294119
199089
64863
375185
215381
259472
300688
330971
408347
145665
70928
85900
293234
240794
231891
196632
308509
131128
34103
232168
250316
48861
34759
139391
182505
74266
130192
45501
167572
128648
42935
15606
115239
60899
15992
17932
133127
26685
75997
87542
242690
17428
58702
40870
116758
52247
144225
150020
79690
51693
87800
92430
261932
46712
56558
32201
179246
85956
169224
156517
213515
78670
110285
128278
142807
119450
49640
87537
505421
296242
349151
250133
230009
85254
319304
168279
107416
90425
247574
411995
439114
280701
89801
168284
278818
126950
110752
60299
119220
32677
541928
176523
371935
85320
53412
48824
145055
38286
63425
105946
175842
135261
23418
17010
158762
96702
98358
86727
87942
39745
257053
200217
349357
234712
274860
184025
257708
167457
114171
56998
141624
24467
89919
78284
162341
25561
82001
46439
126463
37353
27212
70222
101527
31836
101419
25976
109577
47861
115489
99819
98264
27331
48560
47012
76733
78133
61139
70650
107278
93307
108502
103736
147773
115632
99674
133063
176545
155437
137654
116968
147782
122193
117383
130159
161117
134924
121140
139560
174278
119739
122317
165509
171480
148138
139409
85112
127600
98001
104849
95876
160544
200241
189850
217398
285832
287745
226548
229484
292964
217400
236704
239663
310095
200921
180441
205458
270579
187697
179089
138735
302875
189991
229508
185279
280737
174622
149474
127289
212179
94177
89927
70710
102422
47864
42430
39107
57717
33801
44163
44600
66180
56679
39723
34986
69124
44216
23363
33511
11695
17506
35540
32821
45707
19582
15857
13785
44445
33255
30131
31699
43029
31572
36371
32643
25646
75228
99799
108001
76686
126417
78470
68390
61845
95784
53761
50639
47151
94073
59648
65434
62558
110385
67063
63020
54005
81831
54357
45666
44236
91839
87809
78909
114655
266755
384691
277889
316566
290095
244484
220361
158283
263086
331127
229777
248934
355310
234604
212971
206811
297530
171938
174993
148123
230765
149331
76826
69675
88329
74864
74882
180582
216459
193407
186051
170383
240928
191140
150210
129138
145831
78647
70685
70604
146639
88029
62295
84863
122020
47196
50315
67827
123923
82960
80704
58151
186763
142391
146120
147127
208300
161175
155756
184747
186063
110963
125813
149950
279439
126259
94352
146756
301243
155342
447768
338571
321814
168867
150014
166607
184640
200278
62888
91822
371233
100307
104339
434866
384560
281724
227918
253989
344334
292170
242247
236406
289106
147377
193397
188594
319664
233299
226201
389456
395360
249694
295422
227753
317013
251571
271850
176904
178913
80914
88373
349782
287595
201826
187949
390070
416679
341715
234603
271263
246241
269885
986
985
77923
100508
80632
75424
118172
72578
53499
97991
85571
71496
34891
62085
72057
74773
40308
89308
175431
75997
84989
36606
98815
29207
69849
90653
167797
87348
223670
254136
344648
313418
176128
92658
132174
92383
93091
83889
113351
99028
52270
38787
64689
26647
83185
34818
96589
43091
60458
41780
98711
61494
69867
67400
109441
60910
57134
62670
114262
75530
79797
64046
96590
80579
48166
34113
119494
42656
46268
35125
86959
58081
87607
36128
59764
56417
63020
62629
95828
92823
120242
84436
120868
96895
80393
86023
110740
84142
103554
38036
73270
49465
63120
79926
110458
83350
64904
108426
134423
120922
81928
103838
152132
103571
94872
76979
90187
86369
85862
102970
65984
86000
103222
56564
66118
57318
89691
111424
96365
91606
119081
105011
113355
91948
127285
77725
94075
94542
87559
87632
102537
218649
141661
132356
167757
152721
129035
79135
82384
55170
57971
50703
127688
20413
20350
89779
150771
90381
136083
87476
138685
66230
65963
68314
105184
98467
85708
128597
260745
208172
181122
328193
315668
289940
209166
427753
437097
265747
156789
114147
81584
55639
67945
62361
70090
150217
284625
253036
150478
204207
245300
195956
204672
214113
122541
116399
104680
114458
158424
155053
238959
241859
229176
207761
215826
177048
147097
155541
186759
189558
193023
209367
164917
58004
61885
54952
121876
47850
42828
42025
63508
47050
37732
69260
76830
60221
55608
62182
72285
120057
113109
85195
109343
56651
50355
36711
48687
115105
221018
224602
226062
114738
160144
282864
179122
115465
128156
224428
293947
202411
196641
186457
271635
180142
168753
148977
204364
109372
113042
256734
249954
194786
195239
190488
239048
185982
171492
165929
187822
154954
178088
164129
181372
156735
151756
161310
236638
161885
244512
223245
197567
159984
155897
106209
103722
51327
65920
102027
83837
128482
153932
101023
178771
86971
100307
112000
176280
108217
102063
92349
176775
133214
135261
136931
212105
155378
180180
167250
226497
133884
89656
94564
116847
83751
90330
93057
156366
162360
156017
147062
255477
153306
102914
86465
124724
91052
118006
142440
215747
171041
115851
122319
190780
123972
106974
120348
124062
83240
41012
69763
188266
241343
349509
339680
355374
148148
133296
204188
386174
326083
254122
242517
333486
235285
191559
155955
300946
226435
278944
316675
370225
204316
105830
67726
169702
188161
288282
272668
303290
250428
253965
316954
268388
213865
170536
159294
237606
175368
169770
300568
141301
254383
156218
82381
294637
303730
238785
99084
95189
62194
63069
74294
81952
138753
92968
93724
144053
84671
77259
63021
109313
48169
43692
31410
105057
36182
39396
41305
90299
41878
44165
44042
93503
46949
89575
95058
105751
197238
152058
144248
133748
236721
158928
177443
175022
231969
112555
116651
121993
112122
61226
60549
36588
165324
19214
134977
156330
274678
180259
162318
155565
278335
190430
168410
196807
358903
206121
123698
119994
200573
88463
95567
84294
189890
95487
90791
74767
184691
102477
90747
152661
276332
183474
144002
87576
212011
98891
121741
128971
119596
27892
40497
16771
108381
40612
45360
112981
142452
79135
118911
93265
124579
113948
11776
94266
119400
59715
112204
204942
273022
228552
218833
211074
157356
107499
109403
68910
100521
21002
40580
49078
94972
97830
88224
83933
99322
17735
22784
43205
141967
34644
16632
102925
144925
121363
42749
37672
97089
82302
70045
65428
117966
55846
47563
78413
216471
105452
55504
84551
229703
127322
144391
191519
214074
129686
86934
135287
140462
55107
128230
107618
172501
54848
61660
88961
159250
97687
99327
99998
179036
96538
114212
97723
206620
62554
122692
136095
165117
48680
187107
25177
189827
136471
79239
107489
217290
172612
67620
55209
156702
12487
34917
43533
220745
92911
93787
153229
210130
89995
51689
35747
193760
113151
47164
29402
80052
51170
58245
89420
250113
166693
67602
72917
255138
149284
155459
139943
262108
63213
200591
199377
180414
97690
8840
12064
310014
154080
106146
182781
221351
25367
88061
76144
141531
130851
59730
36553
122199
74345
119118
85352
169444
181412
186780
204523
320038
239527
82207
73619
144245
93377
115086
76119
120556
83999
9952
127979
192261
87703
176950
124224
121737
219061
17168
21643
222570
77591
48753
59911
104067
68960
50722
62996
99802
101132
287012
249707
347568
152534
175534
149073
251546
122917
58581
72110
147148
212422
82206
82810
74924
160228
99551
211613
247543
81135
94258
97823
168209
64955
138759
60623
151823
81296
253224
197284
346781
210928
109313
60739
127350
196897
143557
177251
268965
88373
119152
83852
228417
29329
29593
25635
189415
42341
16966
21613
214829
182799
127636
200390
131915
144842
87058
16848
210236
291001
316423
203239
357696
161591
85725
145303
301878
54910
86270
116556
297787
233556
171503
182785
153265
193493
193031
102276
303343
189210
102942
141316
231148
161622
136650
238552
306601
82910
114300
148730
193408
73503
102135
83813
140696
117717
14581
144921
242731
79391
98592
224903
335022
236130
305815
172276
278239
220558
253093
273832
294119
199089
64863
375185
215381
259472
300688
330971
408347
145665
70928
85900
293234
240794
231891
196632
308509
131128
34103
232168
250316
48861
34759
139391
182505
74266
130192
45501
167572
128648
42935
15606
115239
60899
15992
17932
133127
26685
75997
87542
242690
17428
58702
40870
116758
52247
144225
150020
79690
51693
87800
92430
261932
46712
56558
32201
179246
85956
169224
156517
213515
78670
110285
128278
142807
119450
49640
87537
505421
296242
349151
250133
230009
85254
319304
168279
107416
90425
247574
411995
439114
280701
89801
168284
278818
126950
110752
60299
119220
32677
541928
176523
371935
85320
53412
48824
145055
38286
63425
105946
175842
135261
23418
17010
158762
96702
98358
86727
87942
39745
257053
200217
349357
234712
274860
184025
257708
167457
114171
56998
141624
24467
89919
78284
162341
25561
82001
46439
126463
37353
27212
70222
101527
31836
101419
25976
109577
47861
115489
99819
98264
27331
48560
47012
76733
78133
61139
70650
107278
93307
108502
103736
147773
115632
99674
133063
176545
155437
137654
116968
147782
122193
117383
130159
161117
134924
121140
139560
174278
119739
122317
165509
171480
148138
139409
85112
127600
98001
104849
95876
160544
200241
189850
217398
285832
287745
226548
229484
292964
217400
236704
239663
310095
200921
180441
205458
270579
187697
179089
138735
302875
189991
229508
185279
280737
174622
149474
127289
212179
94177
89927
70710
102422
47864
42430
39107
57717
33801
44163
44600
66180
56679
39723
34986
69124
44216
23363
33511
11695
17506
35540
32821
45707
19582
15857
13785
44445
33255
30131
31699
43029
31572
36371
32643
25646
75228
99799
108001
76686
126417
78470
68390
61845
95784
53761
50639
47151
94073
59648
65434
62558
110385
67063
63020
54005
81831
54357
45666
44236
91839
87809
78909
114655
266755
384691
277889
316566
290095
244484
220361
158283
263086
331127
229777
248934
355310
234604
212971
206811
297530
171938
174993
148123
230765
149331
76826
69675
88329
74864
74882
180582
216459
193407
186051
170383
240928
191140
150210
129138
145831
78647
70685
70604
146639
88029
62295
84863
122020
47196
50315
67827
123923
82960
80704
58151
186763
142391
146120
147127
208300
161175
155756
184747
186063
110963
125813
149950
279439
126259
94352
146756
301243
155342
447768
338571
321814
168867
150014
166607
184640
200278
62888
91822
371233
100307
104339
434866
384560
281724
227918
253989
344334
292170
242247
236406
289106
147377
193397
188594
319664
233299
226201
389456
395360
249694
295422
227753
317013
251571
271850
176904
178913
80914
88373
349782
287595
201826
187949
390070
416679
341715
234603
271263
246241
269885
986
985
77923
100508
80632
75424
118172
72578
53499
97991
85571
71496
34891
62085
72057
74773
40308
89308
175431
75997
84989
36606
98815
29207
69849
90653
167797
87348
223670
254136
344648
313418
176128
92658
132174
92383
93091
83889
113351
99028
52270
38787
64689
26647
83185
34818
96589
43091
60458
41780
98711
61494
69867
67400
109441
60910
57134
62670
114262
75530
79797
64046
96590
80579
48166
34113
119494
42656
46268
35125
86959
58081
87607
36128
59764
56417
63020
62629
95828
92823
120242
84436
120868
96895
80393
86023
110740
84142
103554
38036
73270
49465
63120
79926
110458
83350
64904
108426
134423
120922
81928
103838
152132
103571
94872
76979
90187
86369
85862
102970
65984
86000
103222
56564
66118
57318
89691
111424
96365
91606
119081
105011
113355
91948
127285
77725
94075
94542
87559
87632
102537
218649
141661
132356
167757
152721
129035
79135
82384
55170
57971
50703
127688
20413
20350
89779
150771
90381
136083
87476
138685
66230
65963
68314
105184
98467
85708
128597
260745
208172
181122
328193
315668
289940
209166
427753
437097
265747
156789
114147
81584
55639
67945
62361
70090
150217
284625
253036
150478
204207
245300
195956
204672
214113
122541
116399
104680
114458
158424
155053
238959
241859
229176
207761
215826
177048
147097
155541
186759
189558
193023
209367
164917
58004
61885
54952
121876
47850
42828
42025
63508
47050
37732
69260
76830
60221
55608
62182
72285
120057
113109
85195
109343
56651
50355
36711
48687
115105
221018
224602
226062
114738
160144
282864
179122
115465
128156
224428
293947
202411
196641
186457
271635
180142
168753
148977
204364
109372
113042
256734
249954
194786
195239
190488
239048
185982
171492
165929
187822
154954
178088
164129
181372
156735
151756
161310
236638
161885
244512
223245
197567
159984
155897
106209
103722
51327
65920
102027
83837
128482
153932
101023
178771
86971
100307
112000
176280
108217
102063
92349
176775
133214
135261
136931
212105
155378
180180
167250
226497
133884
89656
94564
116847
83751
90330
93057
156366
162360
156017
147062
255477
153306
102914
86465
124724
91052
118006
142440
215747
171041
115851
122319
190780
123972
106974
120348
124062
83240
41012
69763
188266
241343
349509
339680
355374
148148
133296
204188
386174
326083
254122
242517
333486
235285
191559
155955
300946
226435
278944
316675
370225
204316
105830
67726
169702
188161
288282
272668
303290
250428
253965
316954
268388
213865
170536
159294
237606
175368
169770
300568
141301
254383
156218
82381
294637
303730
238785
99084
95189
62194
63069
74294
81952
138753
92968
93724
144053
84671
77259
63021
109313
48169
43692
31410
105057
36182
39396
41305
90299
41878
44165
44042
93503
46949
89575
95058
105751
197238
152058
144248
133748
236721
158928
177443
175022
231969
112555
116651
121993
112122
61226
60549
36588
165324
19214
134977
156330
274678
180259
162318
155565
278335
190430
168410
196807
358903
206121
123698
119994
200573
88463
95567
84294
189890
95487
90791
74767
184691
102477
90747
152661
276332
183474
144002
87576
212011
98891
121741
128971
119596
27892
40497
16771
108381
40612
45360
112981
142452
79135
118911
93265
124579
113948
11776
94266
119400
59715
112204
204942
273022
228552
218833
211074
157356
107499
109403
68910
100521
21002
40580
49078
94972
97830
88224
83933
99322
17735
22784
43205
141967
34644
16632
102925
144925
121363
42749
37672
97089
82302
70045
65428
117966
55846
47563
78413
216471
105452
55504
84551
229703
127322
144391
191519
214074
129686
86934
135287
140462
55107
128230
107618
172501
54848
61660
88961
159250
97687
99327
99998
179036
96538
114212
97723
206620
62554
122692
136095
165117
48680
187107
25177
189827
136471
79239
107489
217290
172612
67620
55209
156702
12487
34917
43533
220745
92911
93787
153229
210130
89995
51689
35747
193760
113151
47164
29402
80052
51170
58245
89420
250113
166693
67602
72917
255138
149284
155459
139943
262108
63213
200591
199377
180414
97690
8840
12064
310014
154080
106146
182781
221351
25367
88061
76144
141531
130851
59730
36553
122199
74345
119118
85352
169444
181412
186780
204523
320038
239527
82207
73619
144245
93377
115086
76119
120556
83999
9952
127979
192261
87703
176950
124224
121737
219061
17168
21643
222570
77591
48753
59911
104067
68960
50722
62996
99802
101132
287012
249707
347568
152534
175534
149073
251546
122917
58581
72110
147148
212422
82206
82810
74924
160228
99551
211613
247543
81135
94258
97823
168209
64955
138759
60623
151823
81296
253224
197284
346781
210928
109313
60739
127350
196897
143557
177251
268965
88373
119152
83852
228417
29329
29593
25635
189415
42341
16966
21613
214829
182799
127636
200390
131915
144842
87058
16848
210236
291001
316423
203239
357696
161591
85725
145303
301878
54910
86270
116556
297787
233556
171503
182785
153265
193493
193031
102276
303343
189210
102942
141316
231148
161622
136650
238552
306601
82910
114300
148730
193408
73503
102135
83813
140696
117717
14581
144921
242731
79391
98592
224903
335022
236130
305815
172276
278239
220558
253093
273832
294119
199089
64863
375185
215381
259472
300688
330971
408347
145665
70928
85900
293234
240794
231891
196632
308509
131128
34103
232168
250316
48861
34759
139391
182505
74266
130192
45501
167572
128648
42935
15606
115239
60899
15992
17932
133127
26685
75997
87542
242690
17428
58702
40870
116758
52247
144225
150020
79690
51693
87800
92430
261932
46712
56558
32201
179246
85956
169224
156517
213515
78670
110285
128278
142807
119450
49640
87537
505421
296242
349151
250133
230009
85254
319304
168279
107416
90425
247574
411995
439114
280701
89801
168284
278818
126950
110752
60299
119220
32677
541928
176523
371935
85320
53412
48824
145055
38286
63425
105946
175842
135261
23418
17010
158762
96702
98358
86727
87942
39745
257053
200217
349357
234712
274860
184025
257708
167457
114171
56998
141624
24467
89919
78284
162341
25561
82001
46439
126463
37353
27212
70222
101527
31836
101419
25976
109577
47861
115489
99819
98264
27331
48560
47012
76733
78133
61139
70650
107278
93307
108502
103736
147773
115632
99674
133063
176545
155437
137654
116968
147782
122193
117383
130159
161117
134924
121140
139560
174278
119739
122317
165509
171480
148138
139409
85112
127600
98001
104849
95876
160544
200241
189850
217398
285832
287745
226548
229484
292964
217400
236704
239663
310095
200921
180441
205458
270579
187697
179089
138735
302875
189991
229508
185279
280737
174622
149474
127289
212179
94177
89927
70710
102422
47864
42430
39107
57717
33801
44163
44600
66180
56679
39723
34986
69124
44216
23363
33511
11695
17506
35540
32821
45707
19582
15857
13785
44445
33255
30131
31699
43029
31572
36371
32643
25646
75228
99799
108001
76686
126417
78470
68390
61845
95784
53761
50639
47151
94073
59648
65434
62558
110385
67063
63020
54005
81831
54357
45666
44236
91839
87809
78909
114655
266755
384691
277889
316566
290095
244484
220361
158283
263086
331127
229777
248934
355310
234604
212971
206811
297530
171938
174993
148123
230765
149331
76826
69675
88329
74864
74882
180582
216459
193407
186051
170383
240928
191140
150210
129138
145831
78647
70685
70604
146639
88029
62295
84863
122020
47196
50315
67827
123923
82960
80704
58151
186763
142391
146120
147127
208300
161175
155756
184747
186063
110963
125813
149950
279439
126259
94352
146756
301243
155342
447768
338571
321814
168867
150014
166607
184640
200278
62888
91822
371233
100307
104339
434866
384560
281724
227918
253989
344334
292170
242247
236406
289106
147377
193397
188594
319664
233299
226201
389456
395360
249694
295422
227753
317013
251571
271850
176904
178913
80914
88373
349782
287595
201826
187949
390070
416679
341715
234603
271263
246241
269885
986
985
77923
100508
80632
75424
118172
72578
53499
97991
85571
71496
34891
62085
72057
74773
40308
89308
175431
75997
84989
36606
98815
29207
69849
90653
167797
87348
223670
254136
344648
313418
176128
92658
132174
92383
93091
83889
113351
99028
52270
38787
64689
26647
83185
34818
96589
43091
60458
41780
98711
61494
69867
67400
109441
60910
57134
62670
114262
75530
79797
64046
96590
80579
48166
34113
119494
42656
46268
35125
86959
58081
87607
36128
59764
56417
63020
62629
95828
92823
120242
84436
120868
96895
80393
86023
110740
84142
103554
38036
73270
49465
63120
79926
110458
83350
64904
108426
134423
120922
81928
103838
152132
103571
94872
76979
90187
86369
85862
102970
65984
86000
103222
56564
66118
57318
89691
111424
96365
91606
119081
105011
113355
91948
127285
77725
94075
94542
87559
87632
102537
218649
141661
132356
167757
152721
129035
79135
82384
55170
57971
50703
127688
20413
20350
89779
150771
90381
136083
87476
138685
66230
65963
68314
105184
98467
85708
128597
260745
208172
181122
328193
315668
289940
209166
427753
437097
265747
156789
114147
81584
55639
67945
62361
70090
150217
284625
253036
150478
204207
245300
195956
204672
214113
122541
116399
104680
114458
158424
155053
238959
241859
229176
207761
215826
177048
147097
155541
186759
189558
193023
209367
164917
58004
61885
54952
121876
47850
42828
42025
63508
47050
37732
69260
76830
60221
55608
62182
72285
120057
113109
85195
109343
56651
50355
36711
48687
115105
221018
224602
226062
114738
160144
282864
179122
115465
128156
224428
293947
202411
196641
186457
271635
180142
168753
148977
204364
109372
113042
256734
249954
194786
195239
190488
239048
185982
171492
165929
187822
154954
178088
164129
181372
156735
151756
161310
236638
161885
244512
223245
197567
159984
155897
106209
103722
51327
65920
102027
83837
128482
153932
101023
178771
86971
100307
112000
176280
108217
102063
92349
176775
133214
135261
136931
212105
155378
180180
167250
226497
133884
89656
94564
116847
83751
90330
93057
156366
162360
156017
147062
255477
153306
102914
86465
124724
91052
118006
142440
215747
171041
115851
122319
190780
123972
106974
120348
124062
83240
41012
69763
188266
241343
349509
339680
355374
148148
133296
204188
386174
326083
254122
242517
333486
235285
191559
155955
300946
226435
278944
316675
370225
204316
105830
67726
169702
188161
288282
272668
303290
250428
253965
316954
268388
213865
170536
159294
237606
175368
169770
300568
141301
254383
156218
82381
294637
303730
238785
99084
95189
62194
63069
74294
81952
138753
92968
93724
144053
84671
77259
63021
109313
48169
43692
31410
105057
36182
39396
41305
90299
41878
44165
44042
93503
