96686
212770
207183
238885
445256
387283
392295
364696
626822
431134
529499
409570
543765
335248
316279
280196
241352
134362
138780
81172
340820
43404
312104
416976
765947
493939
490923
441015
775475
560432
484519
499355
891328
475686
229366
221493
398737
180951
231591
210297
399955
210425
189083
163364
393720
214560
199806
332598
599633
397556
320219
233128
493477
242434
292663
297928
247846
59365
95059
39949
232319
106364
113657
248632
295866
192565
262730
221123
277627
245298
31899
210139
271065
136817
249953
445148
596402
528580
513796
488150
336031
231032
229786
156651
216119
46974
88860
105692
199072
202304
208323
176326
190005
39692
48384
93591
291504
74343
31555
234909
330555
272546
94987
78221
196846
164161
141486
133429
234307
110740
101056
158414
458197
223606
114373
168746
489632
262212
320717
443517
451821
256212
173301
277559
298908
125967
263496
233341
355941
131693
143535
196955
332921
217634
216872
219858
372276
234207
247516
211268
425911
144207
259724
288821
347391
116796
421796
55526
412870
262878
156726
214915
438205
355873
151515
118025
337053
27468
74335
90769
444067
207309
200911
307814
423863
186151
116583
88176
389863
235280
92155
58289
163703
111093
129361
182658
492628
346112
149168
153056
512109
296080
315142
283222
519475
131404
406997
414113
381895
211534
22297
27255
661553
339523
233813
369157
488478
63735
184484
157973
293129
272290
127669
76623
242266
153422
239991
170797
335361
349207
362569
402756
634595
470442
168635
156988
293253
198205
239082
161888
254492
192529
22720
340765
572063
258198
360585
278824
271027
488365
37978
44095
482562
169805
113706
135527
218113
155705
114305
144356
215369
205817
640421
534214
740132
320273
361944
312321
497968
264122
128381
172744
310665
440586
176856
174216
158934
355916
228726
479246
534249
181907
200402
220526
330663
137244
302325
155508
354882
211669
550351
441698
765928
485195
264007
138284
258774
403654
320373
373622
566165
240039
331609
228893
564856
67835
71578
60002
424545
98586
42257
45612
465750
359968
259660
387921
257513
291131
196504
44294
506872
646041
703853
502208
865448
337150
179362
294687
630622
121796
191882
257447
589820
467143
392722
439027
356602
397609
414152
227913
615062
402607
212388
284166
480203
370082
321370
528472
640459
184109
247387
309634
383677
151790
246055
220663
315301
236740
31344
315787
565526
210536
237640
501924
743168
517739
685570
391906
627284
493970
561847
673282
677685
475990
169321
862908
484814
573471
655888
722952
925076
470983
189226
245884
714755
577740
547157
458111
740669
365134
109923
543678
552844
137618
90017
326265
445689
199247
279154
106796
347600
283262
110645
42902
254120
139687
40729
42267
283905
62977
151919
187627
516665
36015
139193
112369
254825
117535
285112
303260
174413
123647
184352
213921
563170
111614
122544
78349
372983
196985
331483
308023
412073
178580
258283
287215
301897
235960
99212
172653
1021085
643260
923629
669356
487235
209330
792454
493966
248992
223743
534940
889081
1051168
665844
226366
366864
541195
264750
239979
132012
238025
73661
1186291
401728
801655
231601
138852
96677
288062
81920
128198
208559
337810
286479
58784
44732
322690
204079
226042
207301
213472
88414
738678
540006
852897
599007
641742
398695
553194
372482
274622
149432
318782
59553
197959
176078
336484
59952
178406
100195
281143
92218
65164
155456
248607
95886
212893
63598
220579
96552
266148
276490
244437
70881
128447
132751
209548
219822
178962
200287
286276
251833
298502
269095
364623
320744
272769
354268
443210
385123
361273
307100
384169
333283
321312
344534
416798
365294
319275
359503
439333
319618
323412
412597
422899
380192
349304
220284
323741
255691
286150
250257
391616
486642
478036
508627
606455
617356
553921
508145
654931
522203
565895
566761
700712
495592
446196
487912
646592
507889
454806
369255
727276
513909
639042
527507
735044
503203
525186
399143
554220
307558
284718
256808
306564
174267
151407
145738
202586
124527
128726
124243
180680
162734
119069
106926
182212
128502
68775
98398
24761
43946
86717
80879
110048
49849
42808
37995
104808
84110
79619
81819
104993
80192
89437
72496
50336
152476
230321
227127
176689
293228
204700
186630
168236
238647
139968
135251
118910
214304
148096
180303
176313
285846
184943
169490
150798
221454
153385
131459
126546
241203
219992
192625
242324
528106
790656
582270
685897
656415
578919
502172
379158
622927
827052
600503
630324
854778
597223
550601
536238
776670
481056
504687
433307
617104
418330
209977
196335
233806
198454
193205
416381
493399
449979
423511
400726
542201
448246
363243
347522
396093
242903
224188
225686
401220
261476
145485
196555
311457
114774
120435
156788
317487
191480
190361
143791
450090
333623
344994
348765
477328
376817
367045
423625
427496
252129
275514
320195
601911
283066
214904
323571
651249
331676
1004494
894864
730634
387282
343409
373220
412960
463162
147071
209543
877831
230872
235620
880392
858039
747011
586858
620240
781709
695460
501887
599292
629280
440885
566792
505222
668334
551999
521343
870248
781875
608202
542154
536411
685438
683294
665374
411324
383954
171386
250827
800497
689196
465580
431741
862148
869508
805802
583214
707322
655481
631449
1316
1316
194741
271436
202334
190043
291867
184400
139293
246791
205376
179166
92706
156195
167923
183264
110002
219473
400058
187251
184348
75878
206504
58670
152380
206444
358708
202881
487654
573577
734408
686833
395945
220853
303292
219358
215663
186584
259647
219755
117727
90782
149462
64442
191893
95354
231184
113029
156409
108736
237010
151153
163536
160435
272978
145702
138486
150277
264336
184958
191445
152065
213983
161711
101419
73837
248279
90845
97370
74114
188179
130025
198040
79408
134003
133526
144806
148110
210654
202751
258159
187291
252754
209967
177552
189665
242198
191757
231828
87740
165581
116386
138025
169159
217200
160904
135580
243348
273828
241219
160977
212987
309859
221722
206489
174211
184632
168359
151464
187480
109912
157934
198040
124655
143012
129621
201259
241338
205721
180926
235982
208840
222399
189264
250723
149182
174497
195001
180643
188300
238916
441025
293678
283483
342693
315020
280221
175924
185056
130483
136790
119061
278605
51375
45325
199884
321619
195092
281280
187720
298378
149388
161277
150739
219380
216260
208259
289502
557842
483698
406634
757170
692694
626563
440200
852849
1081863
662586
452970
304729
166076
114403
137622
127129
141809
281378
617371
498104
319412
423939
519856
411492
428990
480130
306658
275327
220482
243491
323584
303776
472682
479953
452152
411671
424776
354251
309529
328812
397294
407936
420578
451866
350814
125384
131309
114972
257620
106122
92751
90621
131112
98644
81337
156323
171601
126801
120157
131884
153414
245412
259940
200352
240200
117692
106533
77785
103367
228393
438697
443424
495842
272308
420898
655069
370306
234065
264025
519570
681940
498515
488697
467885
642542
453237
424854
383087
451165
259180
265319
514982
517403
406193
405518
394559
485953
433874
402448
401730
423842
370071
422635
385064
425363
388313
370754
368597
520962
377032
538104
476247
428828
377861
377191
242227
229815
129637
152126
211446
198731
338679
403952
273403
461188
256339
285032
305043
462416
311319
319428
265952
439582
313348
321486
331336
531069
400434
451569
417582
538927
353678
254947
216817
264813
208846
219096
223949
357260
380497
364377
347972
531308
330075
232443
197183
283497
210636
274256
360545
516684
399475
279207
298517
465396
318439
270120
290611
287395
194582
93956
174003
458480
548189
835158
838225
831923
376717
333065
467993
802013
748265
675693
633628
824571
602464
482441
341827
653808
522119
650390
714795
850612
516854
249759
150739
353531
402028
630556
619835
707340
592339
579395
691938
617377
490685
405366
381946
550731
427877
404317
674600
314749
566608
340032
187158
642925
648499
527759
248425
241810
165652
161926
188952
202857
311442
221027
213972
322568
205236
178405
149843
254391
122509
108404
88596
230526
90643
96908
103858
202413
99654
102301
105385
205341
96686
212770
207183
238885
445256
387283
392295
364696
626822
431134
529499
409570
543765
335248
316279
280196
241352
134362
138780
81172
340820
43404
312104
416976
765947
493939
490923
441015
775475
560432
484519
499355
891328
475686
229366
221493
398737
180951
231591
210297
399955
210425
189083
163364
393720
214560
199806
332598
599633
397556
320219
233128
493477
242434
292663
297928
247846
59365
95059
39949
232319
106364
113657
248632
295866
192565
262730
221123
277627
245298
31899
210139
271065
136817
249953
445148
596402
528580
513796
488150
336031
231032
229786
156651
216119
46974
88860
105692
199072
202304
208323
176326
190005
39692
48384
93591
291504
74343
31555
234909
330555
272546
94987
78221
196846
164161
141486
133429
234307
110740
101056
158414
458197
223606
114373
168746
489632
262212
320717
443517
451821
256212
173301
277559
298908
125967
263496
233341
355941
131693
143535
196955
332921
217634
216872
219858
372276
234207
247516
211268
425911
144207
259724
288821
347391
116796
421796
55526
412870
262878
156726
214915
438205
355873
151515
118025
337053
27468
74335
90769
444067
207309
200911
307814
423863
186151
116583
88176
389863
235280
92155
58289
163703
111093
129361
182658
492628
346112
149168
153056
512109
296080
315142
283222
519475
131404
406997
414113
381895
211534
22297
27255
661553
339523
233813
369157
488478
63735
184484
157973
293129
272290
127669
76623
242266
153422
239991
170797
335361
349207
362569
402756
634595
470442
168635
156988
293253
198205
239082
161888
254492
192529
22720
340765
572063
258198
360585
278824
271027
488365
37978
44095
482562
169805
113706
135527
218113
155705
114305
144356
215369
205817
640421
534214
740132
320273
361944
312321
497968
264122
128381
172744
310665
440586
176856
174216
158934
355916
228726
479246
534249
181907
200402
220526
330663
137244
302325
155508
354882
211669
550351
441698
765928
485195
264007
138284
258774
403654
320373
373622
566165
240039
331609
228893
564856
67835
71578
60002
424545
98586
42257
45612
465750
359968
259660
387921
257513
291131
196504
44294
506872
646041
703853
502208
865448
337150
179362
294687
630622
121796
191882
257447
589820
467143
392722
439027
356602
397609
414152
227913
615062
402607
212388
284166
480203
370082
321370
528472
640459
184109
247387
309634
383677
151790
246055
220663
315301
236740
31344
315787
565526
210536
237640
501924
743168
517739
685570
391906
627284
493970
561847
673282
677685
475990
169321
862908
484814
573471
655888
722952
925076
470983
189226
245884
714755
577740
547157
458111
740669
365134
109923
543678
552844
137618
90017
326265
445689
199247
279154
106796
347600
283262
110645
42902
254120
139687
40729
42267
283905
62977
151919
187627
516665
36015
139193
112369
254825
117535
285112
303260
174413
123647
184352
213921
563170
111614
122544
78349
372983
196985
331483
308023
412073
178580
258283
287215
301897
235960
99212
172653
1021085
643260
923629
669356
487235
209330
792454
493966
248992
223743
534940
889081
1051168
665844
226366
366864
541195
264750
239979
132012
238025
73661
1186291
401728
801655
231601
138852
96677
288062
81920
128198
208559
337810
286479
58784
44732
322690
204079
226042
207301
213472
88414
738678
540006
852897
599007
641742
398695
553194
372482
274622
149432
318782
59553
197959
176078
336484
59952
178406
100195
281143
92218
65164
155456
248607
95886
212893
63598
220579
96552
266148
276490
244437
70881
128447
132751
209548
219822
178962
200287
286276
251833
298502
269095
364623
320744
272769
354268
443210
385123
361273
307100
384169
333283
321312
344534
416798
365294
319275
359503
439333
319618
323412
412597
422899
380192
349304
220284
323741
255691
286150
250257
391616
486642
478036
508627
606455
617356
553921
508145
654931
522203
565895
566761
700712
495592
446196
487912
646592
507889
454806
369255
727276
513909
639042
527507
735044
503203
525186
399143
554220
307558
284718
256808
306564
174267
151407
145738
202586
124527
128726
124243
180680
162734
119069
106926
182212
128502
68775
98398
24761
43946
86717
80879
110048
49849
42808
37995
104808
84110
79619
81819
104993
80192
89437
72496
50336
152476
230321
227127
176689
293228
204700
186630
168236
238647
139968
135251
118910
214304
148096
180303
176313
285846
184943
169490
150798
221454
153385
131459
126546
241203
219992
192625
242324
528106
790656
582270
685897
656415
578919
502172
379158
622927
827052
600503
630324
854778
597223
550601
536238
776670
481056
504687
433307
617104
418330
209977
196335
233806
198454
193205
416381
493399
449979
423511
400726
542201
448246
363243
347522
396093
242903
224188
225686
401220
261476
145485
196555
311457
114774
120435
156788
317487
191480
190361
143791
450090
333623
344994
348765
477328
376817
367045
423625
427496
252129
275514
320195
601911
283066
214904
323571
651249
331676
1004494
894864
730634
387282
343409
373220
412960
463162
147071
209543
877831
230872
235620
880392
858039
747011
586858
620240
781709
695460
501887
599292
629280
440885
566792
505222
668334
551999
521343
870248
781875
608202
542154
536411
685438
683294
665374
411324
383954
171386
250827
800497
689196
465580
431741
862148
869508
805802
583214
707322
655481
631449
1316
1316
194741
271436
202334
190043
291867
184400
139293
246791
205376
179166
92706
156195
167923
183264
110002
219473
400058
187251
184348
75878
206504
58670
152380
206444
358708
202881
487654
573577
734408
686833
395945
220853
303292
219358
215663
186584
259647
219755
117727
90782
149462
64442
191893
95354
231184
113029
156409
108736
237010
151153
163536
160435
272978
145702
138486
150277
264336
184958
191445
152065
213983
161711
101419
73837
248279
90845
97370
74114
188179
130025
198040
79408
134003
133526
144806
148110
210654
202751
258159
187291
252754
209967
177552
189665
242198
191757
231828
87740
165581
116386
138025
169159
217200
160904
135580
243348
273828
241219
160977
212987
309859
221722
206489
174211
184632
168359
151464
187480
109912
157934
198040
124655
143012
129621
201259
241338
205721
180926
235982
208840
222399
189264
250723
149182
174497
195001
180643
188300
238916
441025
293678
283483
342693
315020
280221
175924
185056
130483
136790
119061
278605
51375
45325
199884
321619
195092
281280
187720
298378
149388
161277
150739
219380
216260
208259
289502
557842
483698
406634
757170
692694
626563
440200
852849
1081863
662586
452970
304729
166076
114403
137622
127129
141809
281378
617371
498104
319412
423939
519856
411492
428990
480130
306658
275327
220482
243491
323584
303776
472682
479953
452152
411671
424776
354251
309529
328812
397294
407936
420578
451866
350814
125384
131309
114972
257620
106122
92751
90621
131112
98644
81337
156323
171601
126801
120157
131884
153414
245412
259940
200352
240200
117692
106533
77785
103367
228393
438697
443424
495842
272308
420898
655069
370306
234065
264025
519570
681940
498515
488697
467885
642542
453237
424854
383087
451165
259180
265319
514982
517403
406193
405518
394559
485953
433874
402448
401730
423842
370071
422635
385064
425363
388313
370754
368597
520962
377032
538104
476247
428828
377861
377191
242227
229815
129637
152126
211446
198731
338679
403952
273403
461188
256339
285032
305043
462416
311319
319428
265952
439582
313348
321486
331336
531069
400434
451569
417582
538927
353678
254947
216817
264813
208846
219096
223949
357260
380497
364377
347972
531308
330075
232443
197183
283497
210636
274256
360545
516684
399475
279207
298517
465396
318439
270120
290611
287395
194582
93956
174003
458480
548189
835158
838225
831923
376717
333065
467993
802013
748265
675693
633628
824571
602464
482441
341827
653808
522119
650390
714795
850612
516854
249759
150739
353531
402028
630556
619835
707340
592339
579395
691938
617377
490685
405366
381946
550731
427877
404317
674600
314749
566608
340032
187158
642925
648499
527759
248425
241810
165652
161926
188952
202857
311442
221027
213972
322568
205236
178405
149843
254391
122509
108404
88596
230526
90643
96908
103858
202413
99654
102301
105385
205341
96686
212770
207183
238885
445256
387283
392295
364696
626822
431134
529499
409570
543765
335248
316279
280196
241352
134362
138780
81172
340820
43404
312104
416976
765947
493939
490923
441015
775475
560432
484519
499355
891328
475686
229366
221493
398737
180951
231591
210297
399955
210425
189083
163364
393720
214560
199806
332598
599633
397556
320219
233128
493477
242434
292663
297928
247846
59365
95059
39949
232319
106364
113657
248632
295866
192565
262730
221123
277627
245298
31899
210139
271065
136817
249953
445148
596402
528580
513796
488150
336031
231032
229786
156651
216119
46974
88860
105692
199072
202304
208323
176326
190005
39692
48384
93591
291504
74343
31555
234909
330555
272546
94987
78221
196846
164161
141486
133429
234307
110740
101056
158414
458197
223606
114373
168746
489632
262212
320717
443517
451821
256212
173301
277559
298908
125967
263496
233341
355941
131693
143535
196955
332921
217634
216872
219858
372276
234207
247516
211268
425911
144207
259724
288821
347391
116796
421796
55526
412870
262878
156726
214915
438205
355873
151515
118025
337053
27468
74335
90769
444067
207309
200911
307814
423863
186151
116583
88176
389863
235280
92155
58289
163703
111093
129361
182658
492628
346112
149168
153056
512109
296080
315142
283222
519475
131404
406997
414113
381895
211534
22297
27255
661553
339523
233813
369157
488478
63735
184484
157973
293129
272290
127669
76623
242266
153422
239991
170797
335361
349207
362569
402756
634595
470442
168635
156988
293253
198205
239082
161888
254492
192529
22720
340765
572063
258198
360585
278824
271027
488365
37978
44095
482562
169805
113706
135527
218113
155705
114305
144356
215369
205817
640421
534214
740132
320273
361944
312321
497968
264122
128381
172744
310665
440586
176856
174216
158934
355916
228726
479246
534249
181907
200402
220526
330663
137244
302325
155508
354882
211669
550351
441698
765928
485195
264007
138284
258774
403654
320373
373622
566165
240039
331609
228893
564856
67835
71578
60002
424545
98586
42257
45612
465750
359968
259660
387921
257513
291131
196504
44294
506872
646041
703853
502208
865448
337150
179362
294687
630622
121796
191882
257447
589820
467143
392722
439027
356602
397609
414152
227913
615062
402607
212388
284166
480203
370082
321370
528472
640459
184109
247387
309634
383677
151790
246055
220663
315301
236740
31344
315787
565526
210536
237640
501924
743168
517739
685570
391906
627284
493970
561847
673282
677685
475990
169321
862908
484814
573471
655888
722952
925076
470983
189226
245884
714755
577740
547157
458111
740669
365134
109923
543678
552844
137618
90017
326265
445689
199247
279154
106796
347600
283262
110645
42902
254120
139687
40729
42267
283905
62977
151919
187627
516665
36015
139193
112369
254825
117535
285112
303260
174413
123647
184352
213921
563170
111614
122544
78349
372983
196985
331483
308023
412073
178580
258283
287215
301897
235960
99212
172653
1021085
643260
923629
669356
487235
209330
792454
493966
248992
223743
534940
889081
1051168
665844
226366
366864
541195
264750
239979
132012
238025
73661
1186291
401728
801655
231601
138852
96677
288062
81920
128198
208559
337810
286479
58784
44732
322690
204079
226042
207301
213472
88414
738678
540006
852897
599007
641742
398695
553194
372482
274622
149432
318782
59553
197959
176078
336484
59952
178406
100195
281143
92218
65164
155456
248607
95886
212893
63598
220579
96552
266148
276490
244437
70881
128447
132751
209548
219822
178962
200287
286276
251833
298502
269095
364623
320744
272769
354268
443210
385123
361273
307100
384169
333283
321312
344534
416798
365294
319275
359503
439333
319618
323412
412597
422899
380192
349304
220284
323741
255691
286150
250257
391616
486642
478036
508627
606455
617356
553921
508145
654931
522203
565895
566761
700712
495592
446196
487912
646592
507889
454806
369255
727276
513909
639042
527507
735044
503203
525186
399143
554220
307558
284718
256808
306564
174267
151407
145738
202586
124527
128726
124243
180680
162734
119069
106926
182212
128502
68775
98398
24761
43946
86717
80879
110048
49849
42808
37995
104808
84110
79619
81819
104993
80192
89437
72496
50336
152476
230321
227127
176689
293228
204700
186630
168236
238647
139968
135251
118910
214304
148096
180303
176313
285846
184943
169490
150798
221454
153385
131459
126546
241203
219992
192625
242324
528106
790656
582270
685897
656415
578919
502172
379158
622927
827052
600503
630324
854778
597223
550601
536238
776670
481056
504687
433307
617104
418330
209977
196335
233806
198454
193205
416381
493399
449979
423511
400726
542201
448246
363243
347522
396093
242903
224188
225686
401220
261476
145485
196555
311457
114774
120435
156788
317487
191480
190361
143791
450090
333623
344994
348765
477328
376817
367045
423625
427496
252129
275514
320195
601911
283066
214904
323571
651249
331676
1004494
894864
730634
387282
343409
373220
412960
463162
147071
209543
877831
230872
235620
880392
858039
747011
586858
620240
781709
695460
501887
599292
629280
440885
566792
505222
668334
551999
521343
870248
781875
608202
542154
536411
685438
683294
665374
411324
383954
171386
250827
800497
689196
465580
431741
862148
869508
805802
583214
707322
655481
631449
1316
1316
194741
271436
202334
190043
291867
184400
139293
246791
205376
179166
92706
156195
167923
183264
110002
219473
400058
187251
184348
75878
206504
58670
152380
206444
358708
202881
487654
573577
734408
686833
395945
220853
303292
219358
215663
186584
259647
219755
117727
90782
149462
64442
191893
95354
231184
113029
156409
108736
237010
151153
163536
160435
272978
145702
138486
150277
264336
184958
191445
152065
213983
161711
101419
73837
248279
90845
97370
74114
188179
130025
198040
79408
134003
133526
144806
148110
210654
202751
258159
187291
252754
209967
177552
189665
242198
191757
231828
87740
165581
116386
138025
169159
217200
160904
135580
243348
273828
241219
160977
212987
309859
221722
206489
174211
184632
168359
151464
187480
109912
157934
198040
124655
143012
129621
201259
241338
205721
180926
235982
208840
222399
189264
250723
149182
174497
195001
180643
188300
238916
441025
293678
283483
342693
315020
280221
175924
185056
130483
136790
119061
278605
51375
45325
199884
321619
195092
281280
187720
298378
149388
161277
150739
219380
216260
208259
289502
557842
483698
406634
757170
692694
626563
440200
852849
1081863
662586
452970
304729
166076
114403
137622
127129
141809
281378
617371
498104
319412
423939
519856
411492
428990
480130
306658
275327
220482
243491
323584
303776
472682
479953
452152
411671
424776
354251
309529
328812
397294
407936
420578
451866
350814
125384
131309
114972
257620
106122
92751
90621
131112
98644
81337
156323
171601
126801
120157
131884
153414
245412
259940
200352
240200
117692
106533
77785
103367
228393
438697
443424
495842
272308
420898
655069
370306
234065
264025
519570
681940
498515
488697
467885
642542
453237
424854
383087
451165
259180
265319
514982
517403
406193
405518
394559
485953
433874
402448
401730
423842
370071
422635
385064
425363
388313
370754
368597
520962
377032
538104
476247
428828
377861
377191
242227
229815
129637
152126
211446
198731
338679
403952
273403
461188
256339
285032
305043
462416
311319
319428
265952
439582
313348
321486
331336
531069
400434
451569
417582
538927
353678
254947
216817
264813
208846
219096
223949
357260
380497
364377
347972
531308
330075
232443
197183
283497
210636
274256
360545
516684
399475
279207
298517
465396
318439
270120
290611
287395
194582
93956
174003
458480
548189
835158
838225
831923
376717
333065
467993
802013
748265
675693
633628
824571
602464
482441
341827
653808
522119
650390
714795
850612
516854
249759
150739
353531
402028
630556
619835
707340
592339
579395
691938
617377
490685
405366
381946
550731
427877
404317
674600
314749
566608
340032
187158
642925
648499
527759
248425
241810
165652
161926
188952
202857
311442
221027
213972
322568
205236
178405
149843
254391
122509
108404
88596
230526
90643
96908
103858
202413
99654
102301
105385
205341
96686
212770
207183
238885
445256
387283
392295
364696
626822
431134
529499
409570
543765
335248
316279
280196
241352
134362
138780
81172
340820
43404
312104
416976
765947
493939
490923
441015
775475
560432
484519
499355
891328
475686
229366
221493
398737
180951
231591
210297
399955
210425
189083
163364
393720
214560
199806
332598
599633
397556
320219
233128
493477
242434
292663
297928
247846
59365
95059
39949
232319
106364
113657
248632
295866
192565
262730
221123
277627
245298
31899
210139
271065
136817
249953
445148
596402
528580
513796
488150
336031
231032
229786
156651
216119
46974
88860
105692
199072
202304
208323
176326
190005
39692
48384
93591
291504
74343
31555
234909
330555
272546
94987
78221
196846
164161
141486
133429
234307
110740
101056
158414
458197
223606
114373
168746
489632
262212
320717
443517
451821
256212
173301
277559
298908
125967
263496
233341
355941
131693
143535
196955
332921
217634
216872
219858
372276
234207
247516
211268
425911
144207
259724
288821
347391
116796
421796
55526
412870
262878
156726
214915
438205
355873
151515
118025
337053
27468
74335
90769
444067
207309
200911
307814
423863
186151
116583
88176
389863
235280
92155
58289
163703
111093
129361
182658
492628
346112
149168
153056
512109
296080
315142
283222
519475
131404
406997
414113
381895
211534
22297
27255
661553
339523
233813
369157
488478
63735
184484
157973
293129
272290
127669
76623
242266
153422
239991
170797
335361
349207
362569
402756
634595
470442
168635
156988
293253
198205
239082
161888
254492
192529
22720
340765
572063
258198
360585
278824
271027
488365
37978
44095
482562
169805
113706
135527
218113
155705
114305
144356
215369
205817
640421
534214
740132
320273
361944
312321
497968
264122
128381
172744
310665
440586
176856
174216
158934
355916
228726
479246
534249
181907
200402
220526
330663
137244
302325
155508
354882
211669
550351
441698
765928
485195
264007
138284
258774
403654
320373
373622
566165
240039
331609
228893
564856
67835
71578
60002
424545
98586
42257
45612
465750
359968
259660
387921
257513
291131
196504
44294
506872
646041
703853
502208
865448
337150
179362
294687
630622
121796
191882
257447
589820
467143
392722
439027
356602
397609
414152
227913
615062
402607
212388
284166
480203
370082
321370
528472
640459
184109
247387
309634
383677
151790
246055
220663
315301
236740
31344
315787
565526
210536
237640
501924
743168
517739
685570
391906
627284
493970
561847
673282
677685
475990
169321
862908
484814
573471
655888
722952
925076
470983
189226
245884
714755
577740
547157
458111
740669
365134
109923
543678
552844
137618
90017
326265
445689
199247
279154
106796
347600
283262
110645
42902
254120
139687
40729
42267
283905
62977
151919
187627
516665
36015
139193
112369
254825
117535
285112
303260
174413
123647
184352
213921
563170
111614
122544
78349
372983
196985
331483
308023
412073
178580
258283
287215
301897
235960
99212
172653
1021085
643260
923629
669356
487235
209330
792454
493966
248992
223743
534940
889081
1051168
665844
226366
366864
541195
264750
239979
132012
238025
73661
1186291
401728
801655
231601
138852
96677
288062
81920
128198
208559
337810
286479
58784
44732
322690
204079
226042
207301
213472
88414
738678
540006
852897
599007
641742
398695
553194
372482
274622
149432
318782
59553
197959
176078
336484
59952
178406
100195
281143
92218
65164
155456
248607
95886
212893
63598
220579
96552
266148
276490
244437
70881
128447
132751
209548
219822
178962
200287
286276
251833
298502
269095
364623
320744
272769
354268
443210
385123
361273
307100
384169
333283
321312
344534
416798
365294
319275
359503
439333
319618
323412
412597
422899
380192
349304
220284
323741
255691
286150
250257
391616
486642
478036
508627
606455
617356
553921
508145
654931
522203
565895
566761
700712
495592
446196
487912
646592
507889
454806
369255
727276
513909
639042
527507
735044
503203
525186
399143
554220
307558
284718
256808
306564
174267
151407
145738
202586
124527
128726
124243
180680
162734
119069
106926
182212
128502
68775
98398
24761
43946
86717
80879
110048
49849
42808
37995
104808
84110
79619
81819
104993
80192
89437
72496
50336
152476
230321
227127
176689
293228
204700
186630
168236
238647
139968
135251
118910
214304
148096
180303
176313
285846
184943
169490
150798
221454
153385
131459
126546
241203
219992
192625
242324
528106
790656
582270
685897
656415
578919
502172
379158
622927
827052
600503
630324
854778
597223
550601
536238
776670
481056
504687
433307
617104
418330
209977
196335
233806
198454
193205
416381
493399
449979
423511
400726
542201
448246
363243
347522
396093
242903
224188
225686
401220
261476
145485
196555
311457
114774
120435
156788
317487
191480
190361
143791
450090
333623
344994
348765
477328
376817
367045
423625
427496
252129
275514
320195
601911
283066
214904
323571
651249
331676
1004494
894864
730634
387282
343409
373220
412960
463162
147071
209543
877831
230872
235620
880392
858039
747011
586858
620240
781709
695460
501887
599292
629280
440885
566792
505222
668334
551999
521343
870248
781875
608202
542154
536411
685438
683294
665374
411324
383954
171386
250827
800497
689196
465580
431741
862148
869508
805802
583214
707322
655481
631449
1316
1316
194741
271436
202334
190043
291867
184400
139293
246791
205376
179166
92706
156195
167923
183264
110002
219473
400058
187251
184348
75878
206504
58670
152380
206444
358708
202881
487654
573577
734408
686833
395945
220853
303292
219358
215663
186584
259647
219755
117727
90782
149462
64442
191893
95354
231184
113029
156409
108736
237010
151153
163536
160435
272978
145702
138486
150277
264336
184958
191445
152065
213983
161711
101419
73837
248279
90845
97370
74114
188179
130025
198040
79408
134003
133526
144806
148110
210654
202751
258159
187291
252754
209967
177552
189665
242198
191757
231828
87740
165581
116386
138025
169159
217200
160904
135580
243348
273828
241219
160977
212987
309859
221722
206489
174211
184632
168359
151464
187480
109912
157934
198040
124655
143012
129621
201259
241338
205721
180926
235982
208840
222399
189264
250723
149182
174497
195001
180643
188300
238916
441025
293678
283483
342693
315020
280221
175924
185056
130483
136790
119061
278605
51375
45325
199884
321619
195092
281280
187720
298378
149388
161277
150739
219380
216260
208259
289502
557842
483698
406634
757170
692694
626563
440200
852849
1081863
662586
452970
304729
166076
114403
137622
127129
141809
281378
617371
498104
319412
423939
519856
411492
428990
480130
306658
275327
220482
243491
323584
303776
472682
479953
452152
411671
424776
354251
309529
328812
397294
407936
420578
451866
350814
125384
131309
114972
257620
106122
92751
90621
131112
98644
81337
156323
171601
126801
120157
131884
153414
245412
259940
200352
240200
117692
106533
77785
103367
228393
438697
443424
495842
272308
420898
655069
370306
234065
264025
519570
681940
498515
488697
467885
642542
453237
424854
383087
451165
259180
265319
514982
517403
406193
405518
394559
485953
433874
402448
401730
423842
370071
422635
385064
425363
388313
370754
368597
520962
377032
538104
476247
428828
377861
377191
242227
229815
129637
152126
211446
198731
338679
403952
273403
461188
256339
285032
305043
462416
311319
319428
265952
439582
313348
321486
331336
531069
400434
451569
417582
538927
353678
254947
216817
264813
208846
219096
223949
357260
380497
364377
347972
531308
330075
232443
197183
283497
210636
274256
360545
516684
399475
279207
298517
465396
318439
270120
290611
287395
194582
93956
174003
458480
548189
835158
838225
831923
376717
333065
467993
802013
748265
675693
633628
824571
602464
482441
341827
653808
522119
650390
714795
850612
516854
249759
150739
353531
402028
630556
619835
707340
592339
579395
691938
617377
490685
405366
381946
550731
427877
404317
674600
314749
566608
340032
187158
642925
648499
527759
248425
241810
165652
161926
188952
202857
311442
221027
213972
322568
205236
178405
149843
254391
122509
108404
88596
230526
90643
96908
103858
202413
99654
102301
105385
205341
