93.55
91.9
93.3
93.9
93.42
92.41
94.4
99.64
95.48
89.38
89.42
88.75
88.58
90.5
92.15
91.34
92.91
92.99
92.83
92.92
93.04
92.55
94.78
95.13
96.53
96.04
95.1
96.75
93.31
79.46
81.74
80.34
73.63
72.97
80.43
84.85
85.18
87.6
85.4
86.08
87.06
89.4
88.94
90.85
91.19
91.73
91.27
92.32
91.84
91.55
92.21
92.89
93.22
94.23
93.81
94.51
93.99
96.89
95.47
94.98
94.31
94.7
97.2
97.26
97.03
95.78
95.6
96.1
95.72
95.51
97.2
96.68
93.62
95.03
95.97
94.22
93.62
97.95
99.71
96.58
93.55
97.38
96.38
93.95
97.88
99.95
99.48
98.94
91.9
91.56
93.3
93.68
94.64
93.91
97.29
98.34
95.37
93.7
93.17
94.65
98.06
95.84
95.57
93.93
96.93
93.03
92.58
91.56
91.12
91.57
92.04
93.68
94.08
92.17
94.46
94.7
93.59
93.11
94.2
92.06
90.82
92.36
94.14
90.26
89.73
88.66
94.53
91.75
89.33
92.17
91.54
88.37
87.19
91.95
90.75
91.13
96.8
97.73
97.68
96.72
93.89
93.93
95.77
95.75
95.87
95.98
96.69
96.36
98.43
100.0
100.0
99.98
99.94
99.94
100.0
100.0
100.0
100.0
100.0
100.0
96.38
96.08
95.79
97.25
