95.32
95.19
95.3
95.6
94.96
94.2
95.65
99.78
98.25
94.98
94.78
94.22
94.08
94.63
96.56
95.34
95.1
95.3
95.34
94.88
94.35
93.99
95.74
96.06
97.57
98.71
96.87
98.81
99.91
96.12
94.95
96.33
96.76
96.07
95.91
99.1
99.98
98.02
94.2
94.05
94.17
94.95
94.78
94.75
95.97
96.62
94.6
94.8
93.74
93.25
93.73
94.18
94.39
95.05
94.54
95.21
94.81
97.71
96.46
96.0
94.89
95.57
98.02
97.95
97.98
96.64
96.34
96.8
96.42
96.12
97.97
97.69
94.39
95.45
96.74
94.89
94.43
98.45
100.0
98.7
95.28
98.26
98.66
96.83
98.83
100.0
99.79
99.68
94.09
93.22
94.58
95.13
96.2
95.05
97.64
98.69
96.58
95.26
95.11
96.26
99.71
98.51
98.06
96.98
99.02
96.76
95.01
95.13
94.0
94.66
95.28
96.5
96.72
95.24
97.31
97.48
96.27
97.27
97.25
94.63
94.91
96.45
98.27
95.98
95.44
94.33
99.04
96.99
95.58
97.93
96.66
96.27
94.34
95.53
93.59
93.53
98.6
98.66
97.48
96.26
95.67
95.18
96.23
96.56
96.5
96.01
96.64
96.51
98.81
100.0
100.0
99.97
99.95
99.96
100.0
99.98
100.0
99.99
100.0
99.89
95.9
95.76
96.37
95.76
