87.69
82.62
86.22
86.62
86.62
87.42
89.53
98.57
84.48
70.5
71.25
71.29
75.46
81.1
80.35
78.56
79.39
81.0
83.15
83.3
80.78
80.21
82.03
82.42
83.54
81.47
79.9
81.2
74.11
58.67
60.03
58.56
53.41
52.03
58.66
63.51
63.85
77.16
68.47
69.31
75.43
77.58
77.15
81.65
78.96
77.55
79.36
81.79
82.63
82.53
84.41
85.57
85.78
89.57
87.6
89.09
88.8
92.6
90.48
88.48
83.23
87.18
89.91
88.79
89.64
89.59
89.54
90.67
88.01
88.02
91.76
89.86
87.06
88.24
89.49
87.52
86.36
90.6
91.2
85.66
83.67
89.69
84.92
81.63
93.55
96.04
95.38
92.2
80.93
79.86
81.73
82.08
83.73
83.8
93.09
91.31
85.88
77.66
77.54
84.7
86.55
84.93
85.54
83.42
85.63
81.52
82.55
81.33
78.83
80.19
80.22
79.55
81.95
81.8
83.11
84.23
82.02
81.25
82.05
79.31
75.01
78.39
79.15
74.87
73.35
75.26
81.72
74.94
73.63
76.61
80.26
73.25
74.88
79.22
76.15
78.59
87.39
88.02
87.73
86.43
84.1
86.35
85.23
88.27
88.16
87.13
87.95
90.72
88.19
90.6
90.84
89.89
89.71
89.9
90.88
94.58
98.13
99.2
99.11
97.41
85.18
86.0
84.45
87.12
