32.65
5.2
13.31
13.6
17.12
21.82
33.86
37.37
7.23
0.69
0.0
0.0
9.41
18.75
16.15
12.23
5.24
13.3
22.3
19.07
3.28
0.33
1.78
2.0
5.72
7.06
2.92
6.64
10.61
11.06
1.58
4.07
11.98
9.79
3.64
5.22
12.25
58.26
13.66
5.54
21.82
17.24
13.56
20.47
14.77
5.95
5.73
18.43
19.59
6.61
10.48
6.67
8.73
37.58
22.48
43.45
30.02
35.84
33.01
21.87
14.19
22.04
24.2
17.97
26.49
33.18
26.7
37.36
22.87
24.3
30.59
26.9
4.74
17.29
15.78
13.81
19.81
16.7
20.57
18.48
1.51
19.57
10.91
7.21
25.31
27.03
32.25
23.41
1.52
0.16
3.16
7.15
8.31
8.55
29.33
13.05
19.27
0.0
0.0
14.79
13.62
14.2
16.57
12.81
14.3
8.44
9.37
21.04
4.02
2.16
5.84
4.87
6.68
8.57
9.45
11.68
4.54
7.94
6.55
11.56
3.1
6.72
5.42
1.95
1.52
6.85
12.55
4.66
5.91
11.12
20.82
7.51
5.73
3.51
0.04
1.69
4.81
3.03
1.25
0.45
0.44
24.54
0.0
28.16
26.01
12.33
11.36
36.95
0.24
0.0
0.0
0.0
0.0
0.0
0.0
0.0
0.04
0.19
0.94
0.27
2.67
9.64
0.0
16.0
