72.5
60.83
67.95
66.29
66.35
69.85
75.05
83.54
53.12
32.19
37.23
40.55
50.42
61.59
56.48
54.34
54.68
58.58
63.49
63.3
54.13
51.33
56.41
56.3
53.19
53.44
53.55
51.52
39.17
29.27
23.78
24.94
26.74
25.32
25.24
27.33
34.4
65.59
35.54
33.68
52.9
53.45
55.22
62.68
53.84
48.55
52.5
60.96
63.34
57.82
61.5
64.88
63.82
76.43
71.46
77.1
75.89
79.94
76.3
72.19
63.82
71.05
73.53
69.77
71.57
74.63
74.15
76.77
71.14
71.74
76.16
72.24
68.44
72.33
71.52
69.8
67.74
67.3
64.12
52.79
59.9
66.19
53.4
50.21
69.03
69.57
72.75
63.51
51.47
50.92
55.66
57.68
57.83
59.42
74.89
63.19
61.56
43.9
43.51
61.03
61.73
59.8
61.51
58.78
58.2
53.52
57.09
54.88
48.91
50.41
51.42
48.61
52.62
56.47
56.35
56.62
53.94
52.5
53.64
54.79
42.26
47.8
44.26
40.63
40.9
46.89
53.06
40.52
40.93
45.15
56.43
40.77
45.28
49.55
44.87
51.09
62.22
61.5
60.65
57.94
54.74
67.6
60.89
73.08
72.73
69.29
70.09
79.14
66.07
65.94
66.34
66.46
66.18
65.86
66.69
62.93
62.61
62.14
61.0
58.8
58.47
66.12
59.68
72.94
