60.72
43.2
51.7
49.08
52.47
56.95
63.52
68.51
34.67
14.96
19.55
22.99
35.69
48.23
42.62
39.32
34.68
42.3
50.54
49.18
32.83
28.69
33.24
33.19
32.3
33.81
32.26
31.51
24.47
19.93
10.17
13.35
19.73
17.88
11.69
14.81
24.84
62.56
22.71
19.13
42.93
40.52
41.93
49.61
39.38
31.46
34.26
46.38
49.04
39.4
45.31
48.32
45.35
66.01
56.41
65.79
64.19
69.39
65.12
57.18
46.48
56.19
58.23
53.52
57.18
62.36
59.95
64.88
56.32
57.0
63.39
58.33
49.27
53.96
52.99
51.5
52.05
50.38
47.47
37.2
40.58
49.83
34.2
31.56
52.79
52.59
57.19
46.72
30.21
29.55
33.86
39.44
39.78
40.48
58.5
41.74
44.9
19.3
19.48
43.99
43.43
43.58
45.77
42.36
41.88
35.32
38.48
41.32
29.36
27.66
32.55
29.53
33.69
38.3
38.37
38.74
34.94
34.95
35.19
40.09
25.53
30.83
26.17
21.57
23.39
30.53
37.47
23.32
24.96
30.4
42.77
26.28
30.63
29.8
24.67
32.9
43.37
41.6
39.09
35.89
32.53
50.61
36.89
56.86
56.69
50.8
49.46
64.75
39.93
38.0
37.81
38.12
37.36
37.39
37.46
31.74
29.69
29.22
28.91
26.38
29.67
42.69
32.66
53.32
