25238
29803
35555
22135
39610
22144
17953
16179
27798
16011
14093
12659
26357
16122
17473
16157
31195
16757
15989
13483
21900
13381
10753
10657
25354
25809
24597
44211
96558
98787
79387
83252
76173
74164
75801
51058
74636
86402
58736
59575
86933
53604
44849
43056
69378
33579
34322
30376
55125
33603
22505
19227
26628
22212
23498
58423
71008
62472
61260
52287
78825
61501
45868
28452
29967
11986
10231
10217
30157
17916
20985
28857
34884
15550
16411
22555
34967
27697
26201
17997
55525
41978
41789
42178
60005
45885
43647
48490
43232
26427
34625
41987
76071
32149
24001
35778
79188
42008
148771
112814
95899
55708
59635
66778
65015
60849
23360
34965
110093
32630
36526
134705
128381
89439
64942
89400
99071
95268
77879
68269
89497
42724
65397
71081
106023
84719
69719
140079
120941
85919
78306
67385
92844
86651
99471
56971
62425
30432
28223
80577
94746
74326
55878
105597
122763
126338
84667
92188
71229
87890
770
769
15419
19208
16210
15332
26566
14590
11426
21417
20946
17443
8120
16086
20108
20299
9720
23724
50062
19808
30681
12978
34008
10455
22860
27833
54331
25607
68340
73263
95603
91434
50923
29446
41563
28798
29264
25466
36497
34154
18249
12624
23016
8534
25048
9249
28870
11606
16268
11281
29613
18096
22934
21056
32891
17522
16208
18276
35353
22076
24733
20391
31917
32731
19452
13149
45067
16070
17305
12927
29570
19167
30219
13197
20898
18605
21773
21202
35697
35219
44962
30957
46638
35326
29312
31701
39770
29342
36046
11975
23967
15644
23061
30591
43161
35750
26370
36831
46481
46317
33318
40151
59172
38973
34806
27259
34875
35143
39916
47072
33060
37834
43580
20075
24014
19256
30309
39964
34852
35879
47684
41672
45214
33675
48702
32307
40036
31461
27859
26797
31747
82534
53485
47521
63726
57719
45169
27030
28304
18283
20145
17173
38708
4179
7230
30012
48411
32507
49766
29994
44090
21723
21300
24583
35618
31165
25028
38846
84380
61078
55096
92659
95022
87272
67810
151738
147811
89630
50241
33424
31001
20478
25052
23156
26768
61026
96375
93871
46365
73446
87715
70594
75023
72092
35198
37180
38897
40263
59253
63172
93174
95748
92518
84271
89605
69752
54208
57151
68216
69551
67311
80440
55304
16434
17605
15078
35769
13644
14307
15277
22954
17957
14284
24590
28804
22501
20189
23384
27249
46771
37996
27856
39064
21239
18560
13604
18015
46923
90574
90523
72457
39147
45039
93342
67866
44391
51173
65764
83522
52347
50284
46858
75509
46787
43700
37654
65563
34198
35900
97385
94797
71988
72273
69762
88929
59196
52915
50115
61697
48021
55341
51666
55861
46252
44798
55096
80001
52130
82320
80364
66575
51048
48428
34480
35714
16744
22556
40222
25226
34773
42570
26938
48363
21035
25575
30181
47916
28661
25357
23471
51609
43651
43850
42002
61427
46636
54330
50653
70218
37506
23632
32399
39504
26353
28766
31163
52089
53786
50668
46768
91267
55591
34968
29359
42514
31534
36529
42659
66306
52921
36188
37051
57197
35936
32565
37291
41180
25071
13618
20128
49412
75503
100171
96804
105240
40735
37479
63330
122157
88357
70966
66679
97383
67942
55146
49605
93536
62080
81186
92995
116167
74116
38003
25086
64977
68910
99017
88280
96753
74444
78083
107182
87759
66626
52899
48899
82192
57940
57908
108185
53393
90670
64432
32997
113901
122173
96023
35911
34274
21204
22052
26001
28435
49682
32228
34328
50916
29141
25956
21331
37199
16000
14716
9101
40118
15025
16421
18139
36897
17492
18687
19021
36910
20173
18666
16086
35825
17568
16062
14805
32698
12698
12922
9503
13385
4364
8849
1102
8052
4054
4913
4156
12480
4541
2331
798
5135
6667
3585
2138
3277
4384
6065
4958
7629
2236
3478
4984
9501
2868
5323
6427
13405
15061
15858
17927
31983
24352
30981
25923
41847
24192
25740
32705
42478
19120
22743
26263
34890
22271
23470
20281
31591
26054
19056
26021
31889
27525
26153
36671
53693
33741
36408
39730
92529
52583
51126
56339
83053
45210
54106
54717
79888
57346
53074
32718
93864
35150
30236
31875
50739
14039
1842
971
6047
910
4819
3262
5900
764
764
763
5455
699
