57918
69238
82231
55603
88462
53152
45400
40763
64456
40446
34913
31493
60159
38030
41832
40491
71597
44393
41704
35656
54349
35170
30320
29121
58624
56596
51419
80073
191385
255305
188187
209418
193875
167216
151799
106108
170469
208385
156724
160296
218587
146224
127899
122759
180589
99224
101059
86856
141046
91129
51535
45854
60327
50572
51155
129101
154789
137850
133240
119794
172688
136887
104814
78897
85831
44001
39656
39087
86908
52654
44824
61717
81727
34080
35860
49058
82378
60320
58011
40966
128040
100702
103569
104050
144886
113513
109862
121488
117255
73673
88533
105297
188939
85344
63603
98755
201638
109103
324876
247012
214416
114044
108489
123115
127230
130427
45111
67311
242272
68432
76632
334888
242189
194760
151727
184968
235785
202819
168650
145405
195073
101011
131137
132724
224927
178930
163112
300801
266556
176013
187924
173222
219634
165624
179008
116091
130421
69538
89954
236999
201188
164606
152659
276402
275151
220056
171617
185653
163925
184500
884
884
50661
63544
52907
49751
77967
48139
36221
68330
61482
48948
23083
44086
51176
52335
27327
60408
119660
52064
62684
26888
72561
21842
51216
66343
123089
62075
161456
183381
248127
230451
124146
65603
90683
63343
64380
55919
78275
70704
38328
27589
47608
19130
57499
23359
66692
27845
41793
29569
68273
42343
50172
48698
75983
44180
40755
45791
81884
54671
58517
45358
68130
61859
37628
25860
87914
31218
34331
25672
61971
40513
62056
25142
42449
39548
45056
44611
70513
68636
87470
60983
89708
70709
58819
63613
80592
61923
73834
27444
50535
34028
45569
60116
81058
64832
49379
77648
97085
89290
61702
77327
112902
76131
68205
54944
66645
64244
67737
81704
54242
66421
79083
41146
48489
41369
64623
81711
68102
69319
91172
80014
86677
67745
94882
58903
72638
68509
62740
62801
72454
162420
105958
97063
124119
113055
92979
58165
61992
41397
43614
37421
85007
13284
14494
63628
103144
66544
100193
62192
95075
47837
46869
50141
74072
67820
60952
87655
183483
144005
128991
219388
220704
207947
147869
307255
296401
183735
117478
77035
59485
39655
48943
45668
51941
112906
203171
186616
104277
149506
176405
143029
150261
150003
80847
79286
74590
81438
114327
115175
177463
180454
171590
156895
163296
130668
106279
111844
131790
134508
136546
151498
114176
40355
42552
36858
80868
33275
30305
31079
45708
34586
27399
49289
54990
43997
40349
45780
53037
88408
79016
58911
77604
41729
37716
27461
35545
87057
165345
166938
158477
88568
109309
206503
132077
85313
95517
148467
195363
133818
129901
123948
181765
119289
111468
98760
141108
74446
77172
186268
179640
139983
139047
137204
172778
128476
116787
112280
130928
106413
122183
112451
124527
104698
101774
114347
166056
111966
172587
160723
137229
111359
106882
74075
74136
36698
46662
75354
57642
83423
102140
65875
116997
55336
64417
75029
114547
72793
67300
59900
117042
92488
93787
92148
140514
105406
121774
112341
152944
88533
57905
68050
83248
57426
63088
65252
108804
113821
109244
100725
182898
111577
74595
61156
88746
65322
78907
98492
147367
115361
77842
81307
128254
83894
73931
82544
86061
54562
28252
45798
120387
168160
236897
229626
239847
96168
87591
142480
272805
217327
164720
168991
230072
167245
134118
109521
202595
149265
189669
212258
243330
140959
80996
49869
125077
137268
206486
192158
217288
175677
180589
225217
191561
147499
118302
110768
167282
119813
118911
214380
102649
178042
114878
61221
213366
226538
177278
69993
68021
43180
44673
52309
56471
95426
68916
66853
101174
59957
52206
42244
75161
33639
30150
20667
76758
30182
32191
34765
68809
34462
35183
36286
70728
41338
35230
30988
68704
35602
31627
28000
62686
26184
25930
20002
27636
8276
15472
1255
13536
6858
8131
7151
21270
7654
3630
969
7878
10893
6209
3128
4564
6447
9990
7512
12802
3362
5369
8520
16538
4369
10041
12877
25105
29715
33409
37354
65442
48792
62620
52824
81503
49831
54625
66952
80373
41781
46154
50266
66802
43961
48668
42481
62076
53373
40346
54404
66673
53064
53735
84725
113945
82113
96130
94810
190633
125175
125755
131755
183910
105016
124148
119035
167308
113469
104310
80065
173957
70841
57368
54535
90259
24351
2371
860
9725
929
8019
4975
9619
842
842
841
9425
798
