195706
366502
356979
300483
684857
538699
506222
419101
556280
354920
343199
295625
507264
329008
415610
435815
669377
436595
292974
279346
452318
296157
237476
235883
464088
370155
330642
385591
837447
1089578
832733
1061102
1036823
903268
959048
728529
1031212
1286332
884629
976967
1460253
1289383
1271537
1246129
1596104
1030984
1109838
954127
1186102
898884
422318
422353
404143
312260
295308
854753
962091
831628
675734
758553
1097429
931223
781772
714552
774499
465024
433333
441497
785439
524781
272102
355527
615013
237215
195347
240584
655136
305383
356755
295772
964552
644951
666287
678665
965506
750755
735684
801523
785308
469834
472469
560626
1121188
452852
279923
410748
1217713
570880
1854731
1405428
1474507
756992
576649
617441
891198
1032890
319449
435559
1688790
420915
409055
1472391
1429997
1479503
1183419
1230857
1458047
1472366
956004
1072027
1193168
945008
1141079
976430
1128744
1133687
950211
1595834
1537574
1248405
999752
797837
1248476
1280970
1195747
745995
914894
538839
444779
1587197
1376387
1154142
892263
1448718
1121260
1130962
1002806
1410570
1324195
1272145
2072
2083
287107
425713
300092
283760
582903
365397
305651
458813
454091
350410
191948
306894
287263
335495
175495
424076
707374
370341
302868
133522
313388
78749
256453
376654
571936
313502
902651
1080802
1203256
1126092
764206
460015
677182
497434
329226
267309
524301
382602
185021
151964
303291
144966
393936
157252
538636
302613
310812
203374
577450
359313
279637
282256
644251
225812
227752
271082
493696
390619
439767
378699
399175
290322
156062
124445
433753
147465
134858
102967
338881
216925
358660
134234
202067
229147
236159
257543
385329
339856
422743
320177
427857
346072
283201
311925
397155
330916
403362
126414
356313
260001
288937
351301
410804
234893
220434
420603
355829
400239
236906
315175
503237
397713
362201
335798
292105
279822
213303
271924
155168
272339
283319
204987
255186
224100
345312
390120
366810
279605
400988
338489
354915
291873
364641
212762
287023
287846
249972
252674
353013
670631
456678
471328
511074
432166
444569
397886
439754
329552
338307
300033
595573
137933
79422
352562
597770
360016
461374
318420
619400
333068
415837
329938
349362
414494
486557
613165
1125462
956544
740093
1400060
1378007
1067295
788901
1445721
1752506
1213022
945775
610479
231828
157113
198802
191628
241219
443924
1207684
784371
625964
760679
833539
678992
737542
1081538
597726
562158
365222
409581
507275
471812
779630
738080
704744
638054
662745
566969
502838
537365
683257
690716
711001
763937
615314
154035
175043
165560
540303
221254
219896
215468
292195
235822
197173
304877
385983
212856
193664
217376
319872
432166
477341
393840
468629
246820
203355
123324
231367
363997
672247
742032
1201758
759683
1043572
1232980
578658
384909
484744
1183580
1635055
1258498
1224261
1109239
1179853
1035257
1055101
943379
885474
415126
404212
776083
1024766
647833
608901
591673
816671
804091
716496
778905
710914
683519
816187
667893
774593
842035
814930
635814
881785
605470
892123
843307
791691
794237
735119
502696
434241
220867
258485
322045
391849
687679
725377
477080
1107763
667470
720224
745748
1118639
774794
894007
753084
1078361
565895
523298
625447
1286421
997441
1097277
901998
979042
567113
408685
421537
514978
398551
465111
423791
768582
760585
690243
659945
958697
636282
401840
345774
522529
348165
562017
971845
1258448
775452
556002
576068
980188
546983
483469
590008
582117
386860
188339
336253
787187
990640
1312941
1383348
1596608
649456
597056
870670
1459733
1371069
1166183
1409245
1498040
1067254
784885
668145
1203714
819302
1031276
1435939
1768527
1143548
564821
274074
638627
647563
1014654
1075374
1501029
1258701
1048697
1184728
954294
788390
670797
646834
1046199
759614
805838
1312214
531655
1108645
617380
406402
1380816
1250255
1057610
657808
518288
290789
292676
404284
333657
542729
309992
317078
710976
448046
406866
353588
573804
280177
270272
262673
478490
154345
162982
174901
432500
170386
174374
184457
461273
329741
164812
159160
500953
268991
171877
160069
446600
218681
203478
194916
237610
55546
69605
4898
50863
21625
23812
19466
74481
23431
15399
2318
23658
30156
19765
8107
20692
16064
28682
18293
47415
17510
15712
19876
50329
10942
23141
37413
75162
91621
139933
108905
224324
184310
176011
212581
292859
175775
179345
177117
252469
168687
134574
160241
235664
139071
154704
160570
172107
159168
188205
195459
272239
144644
214902
338290
544510
465982
541188
534237
830583
698011
845739
640383
1038817
767503
663207
725275
1044272
682499
863218
797864
977120
742623
631671
476820
543002
96993
16971
3120
41668
2673
46224
37379
37909
2066
2066
2066
36791
1868
