75228
99799
108001
76686
126417
78470
68390
61845
95784
53761
50639
47151
94073
59648
65434
62558
110385
67063
63020
54005
81831
54357
45666
44236
91839
87809
78909
114655
266755
384691
277889
316566
290095
244484
220361
158283
263086
331127
229777
248934
355310
234604
212971
206811
297530
171938
174993
148123
230765
149331
76826
69675
88329
74864
74882
180582
216459
193407
186051
170383
240928
191140
150210
129138
145831
78647
70685
70604
146639
88029
62295
84863
122020
47196
50315
67827
123923
82960
80704
58151
186763
142391
146120
147127
208300
161175
155756
184747
186063
110963
125813
149950
279439
126259
94352
146756
301243
155342
447768
338571
321814
168867
150014
166607
184640
200278
62888
91822
371233
100307
104339
434866
384560
281724
227918
253989
344334
292170
242247
236406
289106
147377
193397
188594
319664
233299
226201
389456
395360
249694
295422
227753
317013
251571
271850
176904
178913
80914
88373
349782
287595
201826
187949
390070
416679
341715
234603
271263
246241
269885
986
985
77923
100508
80632
75424
118172
72578
53499
97991
85571
71496
34891
62085
72057
74773
40308
89308
175431
75997
84989
36606
98815
29207
69849
90653
167797
87348
223670
254136
344648
313418
176128
92658
132174
92383
93091
83889
113351
99028
52270
38787
64689
26647
83185
34818
96589
43091
60458
41780
98711
61494
69867
67400
109441
60910
57134
62670
114262
75530
79797
64046
96590
80579
48166
34113
119494
42656
46268
35125
86959
58081
87607
36128
59764
56417
63020
62629
95828
92823
120242
84436
120868
96895
80393
86023
110740
84142
103554
38036
73270
49465
63120
79926
110458
83350
64904
108426
134423
120922
81928
103838
152132
103571
94872
76979
90187
86369
85862
102970
65984
86000
103222
56564
66118
57318
89691
111424
96365
91606
119081
105011
113355
91948
127285
77725
94075
94542
87559
87632
102537
218649
141661
132356
167757
152721
129035
79135
82384
55170
57971
50703
127688
20413
20350
89779
150771
90381
136083
87476
138685
66230
65963
68314
105184
98467
85708
128597
260745
208172
181122
328193
315668
289940
209166
427753
437097
265747
156789
114147
81584
55639
67945
62361
70090
150217
284625
253036
150478
204207
245300
195956
204672
214113
122541
116399
104680
114458
158424
155053
238959
241859
229176
207761
215826
177048
147097
155541
186759
189558
193023
209367
164917
58004
61885
54952
121876
47850
42828
42025
63508
47050
37732
69260
76830
60221
55608
62182
72285
120057
113109
85195
109343
56651
50355
36711
48687
115105
221018
224602
226062
114738
160144
282864
179122
115465
128156
224428
293947
202411
196641
186457
271635
180142
168753
148977
204364
109372
113042
256734
249954
194786
195239
190488
239048
185982
171492
165929
187822
154954
178088
164129
181372
156735
151756
161310
236638
161885
244512
223245
197567
159984
155897
106209
103722
51327
65920
102027
83837
128482
153932
101023
178771
86971
100307
112000
176280
108217
102063
92349
176775
133214
135261
136931
212105
155378
180180
167250
226497
133884
89656
94564
116847
83751
90330
93057
156366
162360
156017
147062
255477
153306
102914
86465
124724
91052
118006
142440
215747
171041
115851
122319
190780
123972
106974
120348
124062
83240
41012
69763
188266
241343
349509
339680
355374
148148
133296
204188
386174
326083
254122
242517
333486
235285
191559
155955
300946
226435
278944
316675
370225
204316
105830
67726
169702
188161
288282
272668
303290
250428
253965
316954
268388
213865
170536
159294
237606
175368
169770
300568
141301
254383
156218
82381
294637
303730
238785
99084
95189
62194
63069
74294
81952
138753
92968
93724
144053
84671
77259
63021
109313
48169
43692
31410
105057
36182
39396
41305
90299
41878
44165
44042
93503
52062
43824
38826
94498
43974
38851
36045
86661
33544
34610
28688
39198
11957
22521
1955
18447
8968
10938
9378
28706
9748
4601
1239
10278
14360
7654
3793
6502
7915
13707
10406
17012
4995
6956
11191
21700
5299
11613
16930
32998
38047
46398
50477
88022
64928
84793
71148
105989
68353
78961
89166
107406
61196
62407
69970
94632
60154
69345
58576
84933
73988
55831
74351
92837
69230
74574
109847
162543
112082
131479
135181
266272
181896
188495
168924
259654
149403
179890
154843
241691
154034
150273
128477
264048
107932
88063
77750
125092
34410
3531
1212
12565
1061
11057
7055
13267
974
974
974
12942
913
