355912
709831
592929
491116
854965
701511
694929
649014
791858
533957
520241
445456
746377
559867
699016
699951
1006246
718975
627991
577151
793577
574124
494163
477372
809373
708963
608959
677910
1310826
1815996
1352801
1600166
1634026
1528500
1394366
1111507
1610128
2141998
1606018
1634045
2139282
1721262
1526499
1492609
2025356
1323611
1369823
1205328
1656273
1157204
622713
595645
644080
557417
541850
1098051
1274932
1165618
1081944
1050141
1387499
1210023
1030091
939256
1056675
665777
626391
634030
1065609
724762
381864
512550
839495
320458
324503
409535
859541
491280
502001
405601
1211234
876965
907630
921020
1224884
997456
985660
1037809
986590
634308
663090
772424
1410159
686506
502743
744680
1522308
783437
2501648
2159326
2228569
1007141
978952
1040763
1131166
1253480
419403
575128
2360731
632029
570436
1900804
1752619
1682767
1680914
1695554
2234472
2070603
1928826
1898646
1697174
1129670
1335371
1246923
1683296
1490970
1427388
2239005
2244989
1838532
1689992
1626027
1927913
1870338
1764332
1022217
1341184
850979
785606
1979284
2008709
1691639
1276191
2134198
1981987
1818344
1545000
2046993
1825937
1603626
3114
3116
504145
731056
518612
489683
767410
518892
433733
680878
612271
499137
303730
475700
464285
530493
324530
600922
1059847
544020
457682
194889
480365
144084
396729
591465
917199
577810
1285848
1519181
1852979
1782478
1048049
661891
898403
704655
614209
524071
717376
603476
330982
265649
420043
209168
552724
319812
675852
402829
495479
364854
711163
499759
500400
491554
817979
436076
433471
473454
743750
584947
631672
527359
580565
419897
276420
217724
623678
239064
250755
193081
462317
353806
561506
225805
377526
416221
442874
463903
670662
602851
725874
567779
708705
586507
512942
542954
654673
552745
644111
252750
477266
369039
378852
467798
523845
387286
346936
676084
614813
587257
395306
548866
769594
603115
567197
495812
457141
414230
326419
425257
220661
362257
460093
340751
392764
373923
560727
648257
544656
442812
594355
530590
550870
473142
599989
345952
390490
463207
435900
449630
644739
1058585
729929
731762
811373
750098
733807
515771
543379
427726
439698
394810
687398
260337
132140
535933
730754
534058
723942
505789
702215
425511
513052
428199
527918
547735
641948
796960
1424135
1344140
1133586
2084807
1904745
1627764
1156203
2009595
2613021
1675272
1294541
904815
407228
298127
353224
329815
353283
636228
1616168
1152107
873266
1090349
1379644
1094713
1106664
1432106
956268
798647
547466
619118
777806
713482
1121747
1136883
1097171
1001354
1015377
874062
794057
854823
1019558
1063682
1096120
1166648
847438
331829
341187
305190
651443
312457
268304
256509
344692
283325
236744
468488
501784
344148
327843
358250
405548
626127
765597
610424
677106
315354
288407
211465
279157
546900
1044940
1049300
1327425
850026
1429155
1629960
872356
573837
714424
1421212
1882762
1440915
1432600
1371735
1772367
1322623
1258548
1157183
1161851
730302
729796
1233384
1348542
1036755
1035129
1005444
1201513
1218665
1158949
1178802
1111868
1044224
1213519
1104909
1179507
1166332
1124417
999919
1342700
1046600
1396883
1214054
1083330
1094893
1072687
700143
618713
393701
415285
514836
534171
1010634
1157530
823120
1317868
847160
925537
936934
1335600
988935
1098586
908752
1264008
912762
930748
958752
1558288
1236861
1368486
1268818
1494753
1068775
820323
640006
760591
637316
701048
671450
1007588
1145024
1076950
1062826
1322593
916554
719575
585308
811371
618211
778991
1149391
1640081
1170485
881099
923304
1391413
1054919
870482
884582
800980
512130
264384
501306
1223547
1401035
2206559
2264366
2258920
1071383
946296
1334268
2043163
2069209
1903262
1811900
2206906
1721809
1396652
999362
1728342
1466074
1758298
2000993
2324393
1497744
740227
408614
892552
1044549
1554473
1626786
1915571
1645462
1554401
1747627
1564089
1297871
1126256
1057069
1517390
1259020
1157462
1763483
809267
1559418
923343
540905
1696857
1731114
1472615
867649
763670
494634
494523
583040
572948
829255
595118
583713
862637
586564
537248
462519
707798
384793
365921
329365
686263
445189
437074
468304
687180
452669
431333
442324
695989
554133
438920
371314
656932
487386
410387
372263
634582
423948
463941
308488
335247
108987
106193
7483
60208
26326
31321
28287
90131
28476
19008
3503
31205
41920
24041
11345
27405
22885
38051
29412
66199
22388
19556
30175
63726
17783
40661
73259
117730
176617
244927
241039
380937
321696
342933
320824
418761
363118
327872
320310
357147
292555
229243
301777
337341
226566
231160
240763
282693
275447
273896
280604
371291
278406
327703
453709
680957
569316
665477
602534
889813
787272
903525
777450
1043607
816614
842172
778931
1036131
808795
877412
870395
1147346
857303
593469
497081
534372
104666
17314
3831
38971
3467
46282
33399
39142
3158
3158
3158
37076
2686
