152476
230321
227127
176689
293228
204700
186630
168236
238647
139968
135251
118910
214304
148096
180303
176313
285846
184943
169490
150798
221454
153385
131459
126546
241203
219992
192625
242324
528106
790656
582270
685897
656415
578919
502172
379158
622927
827052
600503
630324
854778
597223
550601
536238
776670
481056
504687
433307
617104
418330
209977
196335
233806
198454
193205
416381
493399
449979
423511
400726
542201
448246
363243
347522
396093
242903
224188
225686
401220
261476
145485
196555
311457
114774
120435
156788
317487
191480
190361
143791
450090
333623
344994
348765
477328
376817
367045
423625
427496
252129
275514
320195
601911
283066
214904
323571
651249
331676
1004494
894864
730634
387282
343409
373220
412960
463162
147071
209543
877831
230872
235620
880392
858039
747011
586858
620240
781709
695460
501887
599292
629280
440885
566792
505222
668334
551999
521343
870248
781875
608202
542154
536411
685438
683294
665374
411324
383954
171386
250827
800497
689196
465580
431741
862148
869508
805802
583214
707322
655481
631449
1316
1316
194741
271436
202334
190043
291867
184400
139293
246791
205376
179166
92706
156195
167923
183264
110002
219473
400058
187251
184348
75878
206504
58670
152380
206444
358708
202881
487654
573577
734408
686833
395945
220853
303292
219358
215663
186584
259647
219755
117727
90782
149462
64442
191893
95354
231184
113029
156409
108736
237010
151153
163536
160435
272978
145702
138486
150277
264336
184958
191445
152065
213983
161711
101419
73837
248279
90845
97370
74114
188179
130025
198040
79408
134003
133526
144806
148110
210654
202751
258159
187291
252754
209967
177552
189665
242198
191757
231828
87740
165581
116386
138025
169159
217200
160904
135580
243348
273828
241219
160977
212987
309859
221722
206489
174211
184632
168359
151464
187480
109912
157934
198040
124655
143012
129621
201259
241338
205721
180926
235982
208840
222399
189264
250723
149182
174497
195001
180643
188300
238916
441025
293678
283483
342693
315020
280221
175924
185056
130483
136790
119061
278605
51375
45325
199884
321619
195092
281280
187720
298378
149388
161277
150739
219380
216260
208259
289502
557842
483698
406634
757170
692694
626563
440200
852849
1081863
662586
452970
304729
166076
114403
137622
127129
141809
281378
617371
498104
319412
423939
519856
411492
428990
480130
306658
275327
220482
243491
323584
303776
472682
479953
452152
411671
424776
354251
309529
328812
397294
407936
420578
451866
350814
125384
131309
114972
257620
106122
92751
90621
131112
98644
81337
156323
171601
126801
120157
131884
153414
245412
259940
200352
240200
117692
106533
77785
103367
228393
438697
443424
495842
272308
420898
655069
370306
234065
264025
519570
681940
498515
488697
467885
642542
453237
424854
383087
451165
259180
265319
514982
517403
406193
405518
394559
485953
433874
402448
401730
423842
370071
422635
385064
425363
388313
370754
368597
520962
377032
538104
476247
428828
377861
377191
242227
229815
129637
152126
211446
198731
338679
403952
273403
461188
256339
285032
305043
462416
311319
319428
265952
439582
313348
321486
331336
531069
400434
451569
417582
538927
353678
254947
216817
264813
208846
219096
223949
357260
380497
364377
347972
531308
330075
232443
197183
283497
210636
274256
360545
516684
399475
279207
298517
465396
318439
270120
290611
287395
194582
93956
174003
458480
548189
835158
838225
831923
376717
333065
467993
802013
748265
675693
633628
824571
602464
482441
341827
653808
522119
650390
714795
850612
516854
249759
150739
353531
402028
630556
619835
707340
592339
579395
691938
617377
490685
405366
381946
550731
427877
404317
674600
314749
566608
340032
187158
642925
648499
527759
248425
241810
165652
161926
188952
202857
311442
221027
213972
322568
205236
178405
149843
254391
122509
108404
88596
230526
90643
96908
103858
202413
99654
102301
105385
205341
132146
98153
89732
205454
104587
91728
81838
183844
81251
87673
74259
96292
28807
42655
2847
30294
14860
18350
16363
48368
16487
8585
1433
17125
24214
13868
6292
11925
12862
22545
17214
30172
8985
10636
17982
36658
7792
20655
32206
57620
69899
93014
98020
165950
124367
161505
138089
190559
136811
154916
169969
193683
120383
123132
131338
167224
113347
129901
114026
144810
145181
112318
138772
177596
129532
140320
225358
311943
239165
290565
282634
521659
374019
424147
382855
563332
349685
383355
353143
544884
374607
355180
340434
574150
317628
257907
205448
241464
53442
6457
1568
21384
1471
20269
12436
21464
1370
1370
1368
20553
1220
