33.92
0.33
0.14
4.74
16.95
21.61
5.63
5.11
1.54
0.02
2.75
7.42
6.13
8.61
30.27
39.6
38.52
27.55
24.83
10.09
4.37
10.67
13.5
21.89
21.21
7.73
32.88
28.24
16.15
9.59
19.49
20.19
23.04
21.4
20.76
24.47
21.37
21.94
17.86
20.74
23.76
25.29
36.12
39.47
21.49
21.76
19.27
17.17
17.99
29.81
20.67
24.92
27.9
25.86
14.45
16.56
14.31
14.43
22.55
23.22
15.88
22.51
25.93
22.33
22.78
26.01
16.18
8.73
6.44
20.18
16.44
6.15
4.1
25.06
43.56
10.51
5.37
14.47
20.03
18.78
27.24
15.04
16.08
17.66
33.84
1.95
8.1
7.51
6.06
6.99
4.96
1.2
1.99
5.19
10.51
18.27
18.46
21.02
19.86
29.17
26.35
21.69
30.19
28.42
27.71
8.89
13.35
17.35
12.08
18.53
27.04
15.38
7.4
16.6
12.28
35.42
10.3
18.28
24.72
18.38
21.15
17.2
28.37
9.74
14.08
0.0
0.0
0.0
0.0
0.0
0.0
0.0
0.0
0.0
0.0
0.0
0.0
0.0
0.0
0.0
0.0
1.63
0.0
0.0
1.9
29.23
6.92
3.36
2.91
12.43
