97.23
99.34
97.16
94.02
96.0
96.26
95.05
93.89
94.92
95.59
94.41
94.7
96.51
95.78
96.99
95.67
96.79
95.97
95.34
96.99
96.42
95.71
94.86
96.14
96.2
94.63
95.92
96.04
97.72
97.67
96.93
95.59
95.55
95.53
95.62
97.16
94.98
95.03
94.83
95.73
94.58
94.62
94.87
95.94
96.9
97.75
98.07
96.17
97.62
95.73
95.99
95.13
98.93
97.6
96.06
95.18
97.24
95.34
95.32
94.66
96.12
97.13
95.94
97.64
95.27
95.36
95.59
96.63
97.21
96.75
94.31
95.21
95.43
96.46
96.82
94.25
96.04
96.27
97.58
95.99
97.2
97.47
97.49
95.7
94.78
96.78
100.0
99.6
96.72
99.12
96.54
98.97
96.58
95.14
95.73
95.89
95.38
95.94
95.04
95.67
95.96
97.37
97.19
93.29
97.13
99.41
97.1
96.75
98.5
96.65
96.98
97.27
96.11
96.63
95.92
98.04
99.98
97.08
95.55
96.4
94.05
94.83
96.87
96.52
97.11
99.13
99.58
99.48
99.46
99.53
99.64
99.13
99.02
99.97
98.66
99.81
98.75
98.97
100.0
99.94
99.05
94.93
98.79
98.58
97.08
96.51
95.55
95.88
95.44
96.1
