89.37
85.39
77.18
76.02
84.59
85.36
78.65
74.45
77.96
81.06
82.29
84.27
85.46
84.43
91.05
89.71
91.54
87.97
84.5
80.66
86.09
88.65
87.96
90.16
90.17
77.65
89.77
89.67
88.47
86.53
88.3
88.76
88.78
88.57
88.47
90.76
87.69
87.5
86.37
87.1
86.64
87.15
88.81
90.78
87.93
89.49
91.48
88.03
90.8
89.86
89.89
88.97
93.18
91.58
88.27
86.64
86.58
86.21
89.63
89.44
88.05
90.14
89.49
88.24
86.22
87.48
87.59
85.22
83.64
87.17
82.19
79.73
79.62
90.04
92.08
80.37
82.39
85.23
88.09
87.19
90.33
86.6
88.63
87.08
88.11
82.46
88.19
86.78
81.74
87.46
81.91
83.06
80.52
83.01
84.77
87.35
87.2
87.77
86.5
87.78
88.41
86.53
90.66
87.43
90.46
88.85
86.41
87.77
87.63
86.35
90.76
87.95
85.49
89.33
86.72
88.9
88.33
85.03
87.25
88.98
84.17
85.79
89.63
86.45
85.47
81.99
80.88
79.56
79.13
79.21
79.92
79.54
81.62
87.07
92.48
94.46
93.25
93.98
94.05
92.54
85.11
75.8
82.81
83.2
83.26
87.61
85.13
84.08
82.95
83.0
