60.0
35.86
17.65
30.3
48.87
50.94
31.05
27.63
25.03
28.14
33.81
39.96
38.95
41.19
62.9
67.04
67.78
58.48
53.15
32.85
43.67
51.69
52.04
59.24
58.77
37.73
65.31
62.34
51.07
44.66
54.72
56.37
57.26
56.45
56.24
59.2
54.77
56.44
53.71
55.03
57.33
58.18
65.87
69.07
55.49
56.82
57.15
53.56
56.31
63.14
56.42
60.34
62.95
58.94
53.32
52.55
48.47
50.58
59.14
60.67
51.46
59.71
60.26
58.14
55.43
57.7
53.5
43.51
37.36
51.66
45.13
37.28
36.01
60.54
70.68
38.8
38.97
47.42
55.18
54.44
60.57
48.77
53.42
55.01
64.59
34.79
36.98
33.78
32.4
34.99
31.03
29.77
30.14
40.66
45.77
53.75
53.79
55.51
53.27
60.35
59.75
51.38
64.32
60.62
62.1
39.78
44.91
48.4
41.6
51.33
59.11
48.72
44.65
56.17
51.22
54.52
36.42
45.17
58.84
57.75
50.94
51.74
60.28
48.44
43.83
18.29
14.88
13.05
11.67
11.57
12.73
13.18
19.57
24.82
24.38
24.61
24.11
26.14
26.01
24.23
19.59
16.27
40.49
39.92
39.72
61.69
52.36
49.77
47.16
53.24
