96.72
95.27
91.3
88.06
93.65
94.87
91.53
89.35
89.57
91.89
91.84
92.31
94.23
93.31
96.06
94.54
95.92
95.01
93.99
94.01
94.48
94.58
94.01
95.31
95.54
94.08
94.79
95.09
97.02
96.85
95.77
94.61
94.61
94.55
94.63
96.38
94.27
93.95
93.62
95.12
93.79
93.69
93.96
95.16
95.94
96.57
97.33
95.52
96.83
94.71
95.11
94.17
98.38
96.82
95.01
94.51
96.53
94.75
94.67
92.98
95.19
96.23
94.94
96.69
94.19
94.29
94.49
95.7
96.19
95.65
92.64
94.17
94.65
95.58
96.1
92.6
94.65
95.17
95.69
94.18
96.17
96.07
96.13
94.14
93.66
96.18
99.75
99.23
94.87
98.7
94.97
97.98
94.25
93.42
94.15
94.34
94.19
94.72
94.11
94.63
94.67
96.98
96.12
92.23
96.43
98.38
95.77
95.1
97.59
94.41
95.61
96.09
94.78
95.32
94.34
97.42
99.22
94.11
93.97
94.91
92.77
93.72
96.37
96.05
96.2
98.31
98.53
98.61
98.28
98.47
98.57
97.49
97.27
99.87
100.0
100.0
100.0
100.0
100.0
100.0
99.87
93.59
96.0
96.47
94.73
94.66
93.62
93.41
92.71
92.11
