73.27
58.61
41.65
48.73
65.25
66.77
49.68
45.89
45.91
50.16
55.14
60.11
59.18
59.26
78.1
77.35
79.34
72.88
66.71
51.34
62.81
69.06
69.6
75.21
75.16
56.52
76.0
74.78
70.43
64.42
70.47
72.13
72.4
71.9
71.68
74.02
71.23
71.69
68.72
71.64
71.03
71.67
76.22
78.39
70.75
71.58
72.87
70.71
72.65
74.78
72.76
73.98
76.01
72.17
68.76
69.02
66.65
68.2
74.51
73.21
68.5
73.73
73.21
71.71
69.25
71.02
69.64
62.59
58.49
67.24
59.67
57.04
56.9
73.93
80.47
57.55
59.5
65.74
69.79
68.66
73.33
64.59
68.85
69.2
74.97
57.1
58.51
55.11
52.37
56.87
51.81
51.73
50.32
60.7
64.24
69.67
69.73
70.16
69.54
72.62
72.91
68.83
75.71
72.33
75.85
60.14
62.12
63.89
59.3
64.82
72.85
65.31
62.57
71.51
66.73
67.86
56.14
60.09
71.27
71.39
65.53
67.85
73.96
66.7
64.4
49.23
46.28
43.84
43.1
43.42
43.78
43.95
49.53
52.76
52.06
53.38
52.4
52.58
49.9
48.61
42.85
36.04
56.67
56.58
55.91
70.22
61.98
59.81
57.87
61.15
