2086089
4244299
6071862
4516158
1667846
3201485
7009675
7061016
5006374
3232743
2853917
3294239
4511077
4026230
1262586
2074207
2833490
2234397
3197881
5860888
2643581
1249445
1977704
1010849
1523593
2036508
1674631
1597301
2547227
3994864
3034181
2459888
2196635
2609658
2867162
2978587
2379008
2463209
2571617
1209005
2814021
1970775
1762569
1504541
2750334
3327527
3453438
1609288
4073402
2358557
1893963
1969215
3426838
3424161
2271837
2052954
3945884
2083270
2159543
1697597
3836103
4378803
2781687
2784476
3222935
2809970
2355284
4137559
4106257
3297318
3723267
2042388
1479208
3429993
1920642
6774737
3914289
2967409
4702579
3578874
3779345
4224571
3361595
2671584
2178232
3893322
6029420
6089434
5615510
6123267
5187626
6400205
4827953
2804858
2726541
1938458
1204053
1666858
1971292
2266014
1875092
2185255
2924292
2800099
1912138
8274232
5440074
4985082
5946997
2856224
4754097
3051869
1706896
1930500
2620715
4828862
6746656
3811253
2126768
1974570
1705327
1779210
2339528
1842585
3050769
3680286
4225491
4554280
4216515
4492833
4606528
4369065
3827371
5493703
5079261
5879126
5329968
5394288
6538238
5844936
4332108
2984936
3605350
2898199
2411967
1057766
1189002
1667197
1899410
323133
2153590
2885301
2294621
2700885
2931975
2344065
2809972
6083325
5669144
6997543
6880723
5920988
4041187
2838092
4570629
4561500
2980674
2683836
1892386
2254634
3914080
4245420
3056410
3342987
6978711
5228195
3379224
5470749
6814046
8103315
5378745
6854684
7447444
6546666
4978225
6948482
7507822
3457254
2257658
2399858
1889620
1950831
2258216
1613836
4304353
5379931
2744546
1918893
1502846
1942108
2207386
2158241
2487303
1495566
1304489
1602945
1702263
2569144
2347446
2103313
1689352
1937246
2145424
2437705
1622461
1382916
1977732
2111503
1968415
1738856
3166944
2811478
1806938
1617364
2506293
2070515
2516161
6003462
6675565
6495378
1388602
3761481
4443557
4278818
2656864
4358996
3535227
4347403
1825778
1485904
1333013
1532603
2409016
1493424
2916771
5234813
3594653
6120106
5518217
3852319
4425345
4753671
4470829
4482647
4990707
3940632
1947309
3520587
4026211
4334518
4063939
5435150
4032327
2773861
4293772
3544159
3342232
4603340
4194742
2077584
7074605
5607637
7820065
6375625
6949711
4980923
5107909
6853609
5036524
5689337
3803664
5759164
2343771
2575502
2442086
1780574
2031976
2011289
2059976
1944427
1842133
555267
145471
141083
107952
115993
135322
195547
769240
1361274
1431155
1173479
1029418
1101115
1420455
2512842
3349832
3497062
3602526
3099834
659288
120429
48050
39596
