246725
416462
473566
442434
180752
307706
518712
527639
542229
358529
293819
348704
465105
371450
137708
208464
295351
234066
342856
673372
309903
146693
242519
128030
201201
229543
235739
225083
318092
473540
404150
298843
262271
320746
340784
378146
274341
350916
366291
170856
396625
279420
280356
210864
405889
513997
536084
211972
549542
298627
268349
295885
568259
547274
317098
227917
384092
259095
287842
211518
519779
607857
372705
377575
375295
360451
307967
466500
496753
458676
377615
204293
176599
537997
281617
685353
509567
390817
633694
458659
547823
550378
488802
324885
290215
427026
727708
713240
625116
782606
474941
620797
459561
315175
290098
251159
149028
237679
249965
341128
234938
277787
452211
392095
301054
894788
594738
638965
672647
437936
539369
385546
273742
278609
335558
388380
717625
417558
243036
227482
186720
182973
265632
149472
194265
290422
338220
391328
350474
372797
385180
351037
274660
550539
759450
757021
674220
581268
573716
500675
283044
120286
103301
119412
103411
65171
61449
89384
98670
19890
265091
226829
171285
181070
193094
148528
247240
845137
618395
696039
614713
467478
329469
291159
545922
492350
208087
245446
199777
241011
435686
490025
382894
436138
881089
564337
367352
719710
771752
760493
573545
842306
796310
701717
526435
785220
864209
350711
214012
229285
175603
190634
261058
211084
527669
656631
273857
213935
146832
165698
208534
205794
239081
192243
178055
189300
170794
286868
281084
242180
189309
272052
324380
311633
279158
240019
234964
309118
308084
266341
436187
387609
183818
175269
331463
239272
291141
676295
880524
674975
193105
553603
572733
462700
385122
687579
512012
553390
233552
176709
156709
184813
278572
184931
455161
562355
463798
584151
512360
480176
599380
530293
471935
445227
611301
429879
232732
308887
311772
314397
396116
479761
366953
269131
431903
430676
332609
421405
369711
214822
751017
562703
844759
605484
755488
514745
659047
796962
568430
617988
455782
684355
207312
287505
254821
159227
174131
174023
178255
163266
134377
52148
35038
33100
27596
28136
29623
43358
125347
229692
253448
218631
202025
209994
257847
385465
571549
533395
462756
358458
117357
23077
11650
10059
