1399214
3307390
4252326
3097335
932582
2327777
4823669
4919510
3283508
2142021
1891299
2215211
3100692
2499020
797242
1249322
1709719
1446924
2075734
3327188
1434791
775859
1307591
639952
1128454
1331131
1043429
1014797
1651632
2947232
2066707
1559652
1436508
1718817
1937935
1956680
1694757
1790170
1746613
786163
2020701
1292043
1156131
981141
1870625
2218618
2297419
1043260
2601286
1569401
1142350
1324326
2278667
2296975
1627879
1614496
2951548
1589507
1631187
1062794
3003204
3068145
1966274
1875271
2380919
1994859
1598168
2861040
2799127
2360808
2591880
1429896
1087059
2462350
1327920
4747850
2922347
2026274
3458902
2542278
2656688
3058985
2204200
1882938
1525866
2696625
4380078
4098546
3981951
4032294
3352401
5496857
3347791
2131563
1982138
1324676
854619
1153429
1453033
1611504
1283564
1500617
2111854
1964251
1336981
5886409
4064185
3521368
3739502
1973089
3074566
2084612
1343985
1384707
1850659
3547781
4566991
2557601
1452745
1224371
1339160
1318453
1553429
1138733
2047358
2277340
2630734
2827254
2583052
2777455
2912725
2859902
2631508
3589985
3828841
4566153
4250539
4327760
4968380
4668677
3430570
2263152
1920212
1702510
1295535
548403
623672
840890
979524
124523
1221904
2159272
1537032
1694709
1678400
1221539
1550259
3823160
3629213
4180199
5277270
4698865
2926224
1866893
3226195
3526100
2109177
1938820
1288146
1614609
2957451
3254311
2285772
2262149
5054725
3450579
2697423
3978292
5293023
5014424
4221768
4866912
4499438
4461724
3476524
4898467
4676752
2580003
1293837
1716655
1303545
1214270
1507739
1022503
2863948
3543764
1765813
1241700
999254
1352425
1499287
1367467
1699742
968050
818037
1048275
927265
1466246
1366205
1258691
1255336
1288020
1308729
1597762
1056282
914889
1214958
1387049
1224126
1076405
1948713
1784581
1404069
1166670
1734473
1701612
1864398
4211653
4683142
4531329
779447
2677792
2899526
2986506
1751745
2852265
2268921
2847467
1108705
1197410
1030213
1009349
1622108
1042741
2003570
4231004
2631159
5246443
4256460
2481618
2871786
3106062
2871981
3060609
3215506
2816814
1238319
2276306
3237322
3539388
2783598
4284791
2377758
1803850
2876344
2339284
2402893
3170265
2588874
1494726
4479846
3714985
5393921
4021926
4511939
3795323
3372935
4993787
3067870
3920965
2661239
4365985
1511843
1507030
1915558
1383735
974520
956807
1112629
1100606
1062815
364494
115178
115219
81100
83360
100794
120926
413742
796527
824750
714270
688937
714366
969666
2094578
3004807
3198846
3407868
2820847
653357
127218
43417
38408
