91506
156962
179488
239001
82568
128854
214151
197934
194140
141067
111300
138987
181574
145118
62672
97718
139859
114660
159109
282995
146970
74637
107565
64368
98845
107390
121601
115161
154468
212348
191933
137480
116272
143655
153176
174761
113433
154777
166665
77157
178658
127494
131805
101510
193586
247339
260441
99165
269418
142386
132932
151295
303319
282882
164469
109782
180540
121961
134396
99019
229029
303503
184407
187163
175897
166481
147717
207415
218991
213161
155789
83140
75953
262164
133265
219819
209615
180903
292347
204875
266766
256135
237874
159914
139384
177622
326338
314460
275388
363831
224277
277589
197671
141350
133827
122591
73154
126248
122209
178368
126098
137708
239555
189694
164851
290230
292192
269543
334254
253173
207948
180743
171688
176943
203402
179179
358349
227624
137041
135337
102449
93125
142264
71674
86740
127908
144744
176557
154678
157696
158195
148643
118737
220458
279995
355666
278477
215569
217240
203019
139359
74340
75618
89177
69813
52607
49765
72623
74996
11373
112205
95343
69775
75385
76736
56347
119653
356550
275329
279404
228245
167290
130463
130348
246314
214767
61627
97657
88931
106599
181260
198513
146136
167763
390386
266546
183161
314528
373224
334089
271125
398562
353480
334802
200166
328722
423446
161970
65468
73745
61807
73113
113099
94057
220501
269324
123884
100627
65255
67199
91105
84317
101801
96329
90829
91271
81988
145977
142223
116519
92513
140565
165016
159340
156146
133473
112982
159354
159327
125817
214535
192998
82709
79813
160048
111262
130009
292732
400293
322674
99241
277779
276824
219059
200027
364941
270744
285238
104121
78548
79007
93976
139441
92155
244987
249377
228753
233449
204310
232771
307449
251456
216761
201016
294707
200118
114568
129094
125288
124870
180097
212829
163574
124773
202652
211239
152758
192817
163204
99549
321628
246027
350902
268580
328830
252869
320068
353946
256658
307094
242529
367110
103360
144277
126940
77099
89531
91666
91496
83422
68042
27113
20677
19655
17043
18230
17837
23616
61952
112832
124254
110160
100730
102129
122119
163356
252278
237367
223830
189531
67309
14738
7711
5976
